Date,Open,High,Low,Close,Volume,Adj Close
2015-08-18,10.10,10.16,10.10,10.12,8500,10.12
2015-08-17,10.30,10.30,10.18,10.20,255500,10.20
2015-08-14,10.28,10.28,10.28,10.28,2300,10.28
2015-08-13,10.40,10.40,10.36,10.36,4600,10.36
2015-08-12,10.42,10.54,10.38,10.40,215600,10.40
2015-08-11,10.50,10.54,10.50,10.54,21400,10.54
2015-08-10,10.54,10.54,10.50,10.54,200200,10.54
2015-08-07,10.52,10.54,10.52,10.54,2400,10.54
2015-08-06,11.00,11.00,10.52,10.52,2000,10.52
2015-08-05,10.60,10.60,10.50,10.50,222200,10.50
2015-08-04,10.50,10.50,10.50,10.50,1000,10.50
2015-08-03,10.40,10.40,10.40,10.40,1000,10.40
2015-07-31,10.46,10.46,10.46,10.46,000,10.46
2015-07-30,10.40,10.46,10.34,10.46,7100,10.46
2015-07-29,10.50,10.50,10.44,10.44,3400,10.44
2015-07-28,10.40,10.46,10.30,10.46,216100,10.46
2015-07-27,10.46,10.46,10.44,10.46,129100,10.46
2015-07-24,10.46,10.46,10.46,10.46,34400,10.46
2015-07-23,10.50,10.50,10.46,10.46,11500,10.46
2015-07-22,10.48,10.48,10.46,10.46,50200,10.46
2015-07-21,10.48,10.48,10.46,10.48,104500,10.48
2015-07-20,10.50,10.50,10.48,10.48,6800,10.48
2015-07-17,10.48,10.48,10.48,10.48,000,10.48
2015-07-16,10.50,10.50,10.48,10.48,8100,10.48
2015-07-15,10.48,10.48,10.48,10.48,000,10.48
2015-07-14,10.50,10.60,10.48,10.48,14900,10.48
2015-07-13,10.50,10.50,10.48,10.48,75200,10.48
2015-07-10,10.64,10.64,10.50,10.50,4000,10.50
2015-07-09,10.60,10.60,10.50,10.60,4800,10.60
2015-07-08,10.72,10.72,10.70,10.70,3400,10.70
2015-07-07,10.76,10.76,10.70,10.70,700,10.70
2015-07-06,10.80,10.80,10.80,10.80,800,10.80
2015-07-03,10.80,10.82,10.80,10.80,500,10.80
2015-07-02,10.80,10.80,10.80,10.80,5000,10.80
2015-07-01,10.80,10.80,10.80,10.80,1900,10.80
2015-06-30,10.70,10.72,10.70,10.72,1500,10.72
2015-06-29,10.60,10.60,10.60,10.60,3200,10.60
2015-06-26,10.70,10.80,10.66,10.80,7200,10.80
2015-06-25,10.70,10.80,10.70,10.80,1000,10.80
2015-06-24,10.70,10.70,10.70,10.70,3000,10.70
2015-06-23,10.70,10.70,10.70,10.70,1000,10.70
2015-06-22,10.82,10.82,10.60,10.70,33000,10.70
2015-06-19,10.58,10.58,10.58,10.58,000,10.58
2015-06-18,10.58,10.58,10.52,10.58,8500,10.58
2015-06-17,10.60,10.60,10.52,10.56,10000,10.56
2015-06-16,10.60,10.60,10.60,10.60,400,10.60
2015-06-15,10.92,10.92,10.90,10.90,1400,10.90
2015-06-12,10.62,10.62,10.56,10.56,39600,10.56
2015-06-11,10.60,10.60,10.60,10.60,10900,10.60
2015-06-10,10.60,10.60,10.60,10.60,2300,10.60
2015-06-09,10.78,10.78,10.60,10.64,2100,10.64
2015-06-08,10.84,10.84,10.80,10.80,12900,10.80
2015-06-05,10.84,10.84,10.84,10.84,2000,10.84
2015-06-04,10.84,10.84,10.84,10.84,1000,10.84
2015-06-03,10.92,10.92,10.84,10.84,600,10.84
2015-06-02,10.86,10.86,10.86,10.86,800,10.86
2015-06-01,10.86,10.86,10.86,10.86,500,10.76
2015-05-29,10.88,10.88,10.86,10.86,1000,10.76
2015-05-28,11.00,11.00,11.00,11.00,2500,10.90
2015-05-27,11.00,11.02,11.00,11.00,11200,10.90
2015-05-26,10.86,11.00,10.86,11.00,4200,10.90
2015-05-25,10.86,10.86,10.86,10.86,2100,10.76
2015-05-22,10.84,10.84,10.84,10.84,300,10.74
2015-05-21,10.84,10.84,10.84,10.84,1000,10.74
2015-05-20,10.90,11.00,10.84,10.84,3600,10.74
2015-05-19,11.04,11.04,11.02,11.04,2800,10.94
2015-05-18,11.00,11.12,11.00,11.04,33000,10.94
2015-05-15,10.84,10.84,10.80,10.80,3000,10.70
2015-05-14,10.74,10.74,10.74,10.74,9000,10.64
2015-05-13,10.64,10.64,10.64,10.64,000,10.54
2015-05-12,10.64,10.64,10.64,10.64,000,10.54
2015-05-11,10.62,10.64,10.62,10.64,5100,10.54
2015-05-08,10.84,10.84,10.52,10.54,11500,10.44
2015-05-07,10.92,10.92,10.80,10.84,6500,10.74
2015-05-06,10.86,10.86,10.82,10.84,2800,10.74
2015-05-05,11.00,11.00,11.00,11.00,000,10.90
2015-05-04,11.00,11.00,11.00,11.00,000,10.90
2015-05-01,11.00,11.00,11.00,11.00,000,10.90
2015-04-30,11.00,11.00,10.90,11.00,3800,10.90
2015-04-29,10.90,10.90,10.90,10.90,1000,10.80
2015-04-28,11.00,11.00,11.00,11.00,4500,10.90
2015-04-27,10.90,10.90,10.90,10.90,4500,10.80
2015-04-24,11.00,11.00,10.88,10.90,22000,10.80
2015-04-23,11.00,11.00,11.00,11.00,1500,10.90
2015-04-22,10.98,11.00,10.98,11.00,2800,10.90
2015-04-21,10.98,11.00,10.92,11.00,6800,10.90
2015-04-20,11.00,11.00,11.00,11.00,1200,10.90
2015-04-17,11.00,11.00,11.00,11.00,000,10.90
2015-04-16,10.98,11.00,10.92,11.00,2400,10.90
2015-04-15,10.94,10.98,10.94,10.98,300,10.88
2015-04-14,10.98,10.98,10.90,10.90,6200,10.80
2015-04-13,11.00,11.00,11.00,11.00,66500,10.90
2015-04-10,11.00,11.00,11.00,11.00,2400,10.90
2015-04-09,10.92,11.00,10.92,11.00,1200,10.90
2015-04-08,10.96,10.96,10.96,10.96,1000,10.86
2015-04-07,11.00,11.00,10.90,10.96,1400,10.86
2015-04-06,11.02,11.02,10.80,10.80,5200,10.70
2015-04-03,10.92,10.92,10.90,10.90,15000,10.80
2015-04-02,10.90,10.90,10.90,10.90,1000,10.80
2015-04-01,11.02,11.02,11.02,11.02,200,10.92
2015-03-31,11.00,11.16,10.94,11.02,9800,10.92
2015-03-30,11.00,11.00,10.90,10.90,2000,10.80
2015-03-27,11.00,11.10,11.00,11.10,7100,11.00
2015-03-26,11.00,11.00,11.00,11.00,5100,10.90
2015-03-25,11.00,11.10,11.00,11.00,6600,10.90
2015-03-24,11.00,11.00,11.00,11.00,2000,10.90
2015-03-23,11.00,11.00,10.98,11.00,9400,10.90
2015-03-20,11.00,11.00,11.00,11.00,3800,10.90
2015-03-19,11.00,11.00,11.00,11.00,10500,10.90
2015-03-18,11.00,11.02,11.00,11.02,4200,10.92
2015-03-17,10.90,11.00,10.90,10.90,600,10.80
2015-03-16,11.00,11.00,11.00,11.00,000,10.90
2015-03-13,11.30,11.30,11.00,11.00,7300,10.90
2015-03-12,11.00,11.10,11.00,11.10,8300,11.00
2015-03-11,11.24,11.24,11.24,11.24,200,11.14
2015-03-10,11.32,11.32,11.32,11.32,100,11.22
2015-03-09,11.34,11.34,11.34,11.34,100,11.24
2015-03-06,11.40,11.40,11.40,11.40,500,11.30
2015-03-05,11.52,11.58,11.48,11.58,7700,11.37
2015-03-04,11.40,11.58,11.40,11.52,15400,11.32
2015-03-03,11.50,11.50,11.46,11.50,5300,11.30
2015-03-02,11.14,11.14,11.14,11.14,000,10.94
2015-02-27,11.14,11.14,11.14,11.14,700,10.94
2015-02-26,11.14,11.14,11.14,11.14,1000,10.94
2015-02-25,11.20,11.20,11.20,11.20,300,11.00
2015-02-24,11.00,11.24,11.00,11.24,2500,11.04
2015-02-23,11.10,11.10,11.10,11.10,1000,10.90
2015-02-20,11.16,11.16,11.16,11.16,000,10.96
2015-02-19,11.16,11.16,11.16,11.16,000,10.96
2015-02-18,11.16,11.16,11.16,11.16,1000,10.96
2015-02-17,11.38,11.38,10.80,10.82,9000,10.63
2015-02-16,11.28,11.28,11.28,11.28,2500,11.08
2015-02-13,11.00,11.00,11.00,11.00,000,10.80
2015-02-12,11.04,11.06,11.00,11.00,7700,10.80
2015-02-11,11.10,11.10,11.00,11.02,621600,10.82
2015-02-10,11.20,11.28,11.10,11.10,7400,10.90
2015-02-09,11.00,11.10,11.00,11.00,3100,10.80
2015-02-06,11.00,11.00,11.00,11.00,9400,10.80
2015-02-05,10.98,10.98,10.98,10.98,000,10.78
2015-02-04,10.94,10.98,10.70,10.98,20300,10.78
2015-02-03,10.98,10.98,10.98,10.98,000,10.78
2015-02-02,10.98,10.98,10.98,10.98,000,10.78
2015-01-30,10.74,10.98,10.74,10.98,14200,10.78
2015-01-29,10.80,10.96,10.80,10.96,8100,10.77
2015-01-28,10.80,10.80,10.80,10.80,2700,10.61
2015-01-27,10.76,10.78,10.76,10.78,48000,10.59
2015-01-26,10.78,10.78,10.68,10.76,57000,10.57
2015-01-23,10.90,10.90,10.90,10.90,000,10.71
2015-01-22,10.88,10.90,10.80,10.90,9600,10.71
2015-01-21,10.52,10.62,10.52,10.62,1015500,10.43
2015-01-20,10.50,10.50,10.50,10.50,000,10.31
2015-01-19,10.50,10.50,10.50,10.50,000,10.31
2015-01-16,10.60,10.60,10.50,10.50,7200,10.31
2015-01-15,10.70,10.70,10.70,10.70,200,10.51
2015-01-14,10.78,10.80,10.60,10.80,4500,10.61
2015-01-13,10.80,10.80,10.80,10.80,1000,10.61
2015-01-12,10.70,10.70,10.50,10.50,48600,10.31
2015-01-09,10.50,10.50,10.50,10.50,5300,10.31
2015-01-08,10.50,10.50,10.50,10.50,000,10.31
2015-01-07,10.50,10.50,10.50,10.50,1000,10.31
2015-01-06,10.50,10.50,10.50,10.50,2100,10.31
2015-01-05,10.50,10.50,10.50,10.50,1600,10.31
2015-01-02,10.50,10.50,10.40,10.40,6900,10.22
2015-01-01,10.40,10.40,10.40,10.40,000,10.22
2014-12-31,10.50,10.80,10.40,10.40,15600,10.22
2014-12-30,10.40,10.40,10.40,10.40,000,10.22
2014-12-29,10.50,10.50,10.40,10.40,7400,10.22
2014-12-26,10.50,10.50,10.50,10.50,000,10.31
2014-12-25,10.50,10.50,10.50,10.50,000,10.31
2014-12-24,10.98,10.98,10.50,10.50,800,10.31
2014-12-23,10.44,10.50,10.40,10.40,3500,10.22
2014-12-22,10.40,10.66,10.40,10.40,3900,10.22
2014-12-19,10.48,10.50,10.42,10.42,12100,10.23
2014-12-18,10.20,10.48,10.20,10.24,9200,10.06
2014-12-17,10.10,10.20,10.10,10.14,28700,9.96
2014-12-16,10.12,10.16,10.00,10.14,179700,9.96
2014-12-15,10.50,10.50,10.10,10.14,54400,9.96
2014-12-12,10.70,10.70,10.50,10.54,8300,10.35
2014-12-11,10.70,10.70,10.62,10.62,7000,10.43
2014-12-10,10.80,10.80,10.80,10.80,2600,10.61
2014-12-09,10.96,10.96,10.80,10.80,26700,10.61
2014-12-08,10.96,11.00,10.90,10.90,54400,10.71
2014-12-05,10.90,10.96,10.90,10.96,4600,10.77
2014-12-04,10.92,10.96,10.90,10.96,37300,10.77
2014-12-03,10.90,11.00,10.90,10.90,35500,10.71
2014-12-02,10.84,11.00,10.80,10.90,18100,10.71
2014-12-01,11.12,11.12,10.80,10.84,24500,10.65
2014-11-28,11.22,11.24,11.10,11.12,11400,10.92
2014-11-27,11.30,11.30,11.22,11.24,8600,11.04
2014-11-26,11.38,11.38,11.30,11.32,48500,11.12
2014-11-25,11.34,11.34,11.34,11.34,800,11.14
2014-11-24,11.48,11.48,11.40,11.42,15500,11.12
2014-11-21,11.50,11.50,11.48,11.48,8300,11.18
2014-11-20,11.48,11.56,11.48,11.56,5900,11.26
2014-11-19,11.50,11.50,11.46,11.46,22600,11.16
2014-11-18,11.54,11.54,11.50,11.50,48000,11.20
2014-11-17,11.50,11.50,11.50,11.50,100,11.20
2014-11-14,11.54,11.54,11.54,11.54,3400,11.24
2014-11-13,11.54,11.58,11.52,11.52,312800,11.22
2014-11-12,11.60,11.60,11.56,11.56,6800,11.26
2014-11-11,11.62,11.62,11.60,11.60,11100,11.29
2014-11-10,11.62,11.62,11.50,11.50,16800,11.20
2014-11-07,11.60,11.60,11.60,11.60,6200,11.29
2014-11-06,11.64,11.64,11.64,11.64,000,11.33
2014-11-05,11.64,11.66,11.64,11.64,14100,11.33
2014-11-04,11.58,11.68,11.54,11.68,2500,11.37
2014-11-03,11.66,11.66,11.60,11.60,13500,11.29
2014-10-31,11.66,11.66,11.64,11.64,12300,11.33
2014-10-30,11.70,11.70,11.70,11.70,100,11.39
2014-10-29,11.66,11.66,11.64,11.66,15800,11.35
2014-10-28,11.70,11.70,11.66,11.68,12400,11.37
2014-10-27,11.66,11.74,11.66,11.74,12900,11.43
2014-10-24,11.70,11.70,11.70,11.70,64100,11.39
2014-10-23,11.64,11.64,11.64,11.64,500,11.33
2014-10-22,11.70,11.70,11.70,11.70,000,11.39
2014-10-21,11.78,11.78,11.70,11.70,16500,11.39
2014-10-20,11.60,11.78,11.60,11.72,29700,11.41
2014-10-17,11.62,11.62,11.62,11.62,1000,11.31
2014-10-16,11.62,11.62,11.62,11.62,2000,11.31
2014-10-15,11.60,11.80,11.60,11.74,6400,11.43
2014-10-14,11.70,11.74,11.70,11.74,3000,11.43
2014-10-13,11.72,11.74,11.72,11.74,1200,11.43
2014-10-10,11.74,11.74,11.74,11.74,1000,11.43
2014-10-09,11.74,11.74,11.74,11.74,1000,11.43
2014-10-08,11.76,11.76,11.72,11.74,8500,11.43
2014-10-07,11.90,11.90,11.78,11.78,3300,11.47
2014-10-06,11.78,11.78,11.78,11.78,000,11.47
2014-10-03,11.78,11.78,11.78,11.78,14000,11.47
2014-10-02,11.76,11.76,11.76,11.76,27600,11.45
2014-10-01,11.80,11.80,11.76,11.76,5000,11.45
2014-09-30,11.76,11.78,11.76,11.76,32200,11.45
2014-09-29,11.80,11.80,11.76,11.76,11900,11.45
2014-09-26,11.80,11.82,11.80,11.80,16400,11.49
2014-09-25,11.80,11.80,11.80,11.80,000,11.49
2014-09-24,11.84,11.84,11.80,11.80,6100,11.49
2014-09-23,11.86,11.86,11.82,11.82,8400,11.51
2014-09-22,11.84,11.86,11.80,11.86,6000,11.55
2014-09-19,11.90,11.90,11.90,11.90,700,11.59
2014-09-18,12.00,12.00,12.00,12.00,000,11.68
2014-09-17,11.92,12.14,11.92,12.00,7000,11.68
2014-09-16,11.80,11.80,11.80,11.80,000,11.49
2014-09-15,11.82,11.82,11.80,11.80,11000,11.49
2014-09-12,11.80,11.80,11.78,11.78,8000,11.47
2014-09-11,11.80,11.86,11.80,11.82,13000,11.51
2014-09-10,11.82,11.82,11.80,11.80,51000,11.49
2014-09-09,11.82,11.82,11.80,11.80,2500,11.49
2014-09-08,11.86,11.86,11.80,11.80,10000,11.49
2014-09-05,11.96,11.96,11.86,11.86,4100,11.55
2014-09-04,11.94,11.94,11.94,11.94,1200,11.63
2014-09-03,11.90,11.90,11.88,11.88,3100,11.57
2014-09-02,11.90,11.90,11.90,11.90,000,11.59
2014-09-01,11.90,11.90,11.90,11.90,000,11.59
2014-08-29,11.90,11.90,11.90,11.90,4100,11.59
2014-08-28,11.98,11.98,11.90,11.90,2600,11.59
2014-08-27,11.98,11.98,11.98,11.98,1000,11.66
2014-08-26,11.96,11.96,11.96,11.96,900,11.64
2014-08-25,12.08,12.08,12.00,12.00,6000,11.59
2014-08-22,11.98,12.06,11.98,12.06,6000,11.64
2014-08-21,12.00,12.06,11.98,12.06,3000,11.64
2014-08-20,12.00,12.04,12.00,12.00,13300,11.59
2014-08-19,11.96,12.04,11.96,12.04,11900,11.62
2014-08-18,11.92,12.04,11.92,12.04,10000,11.62
2014-08-15,11.90,11.90,11.90,11.90,000,11.49
2014-08-14,11.90,11.90,11.90,11.90,1000,11.49
2014-08-13,11.92,11.92,11.88,11.88,4200,11.47
2014-08-12,11.84,11.88,11.84,11.88,1700,11.47
2014-08-11,11.88,11.88,11.88,11.88,300,11.47
2014-08-08,11.90,11.90,11.90,11.90,22300,11.49
2014-08-07,11.92,11.92,11.90,11.92,15300,11.51
2014-08-06,12.00,12.00,11.90,11.90,14700,11.49
2014-08-05,12.02,12.02,12.00,12.00,5500,11.59
2014-08-04,11.98,11.98,11.90,11.90,4000,11.49
2014-08-01,11.98,12.02,11.98,11.98,10700,11.57
2014-07-31,12.00,12.02,12.00,12.02,3500,11.61
2014-07-30,12.00,12.00,12.00,12.00,4500,11.59
2014-07-29,11.90,11.90,11.90,11.90,000,11.49
2014-07-28,11.90,11.90,11.90,11.90,000,11.49
2014-07-25,11.96,11.96,11.90,11.90,11600,11.49
2014-07-24,11.96,11.96,11.96,11.96,000,11.55
2014-07-23,11.94,11.96,11.88,11.96,6000,11.55
2014-07-22,11.96,11.96,11.96,11.96,700,11.55
2014-07-21,11.84,11.96,11.84,11.96,10600,11.55
2014-07-18,11.82,11.82,11.80,11.80,7500,11.39
2014-07-17,11.82,11.82,11.82,11.82,3000,11.41
2014-07-16,11.82,11.82,11.82,11.82,1000,11.41
2014-07-15,11.82,11.82,11.82,11.82,000,11.41
2014-07-14,11.84,11.84,11.82,11.82,2000,11.41
2014-07-11,11.88,11.88,11.84,11.84,3000,11.43
2014-07-10,11.86,11.96,11.86,11.88,3200,11.47
2014-07-09,11.86,11.86,11.86,11.86,000,11.45
2014-07-08,11.92,11.92,11.86,11.86,4000,11.45
2014-07-07,11.90,11.92,11.80,11.80,42100,11.39
2014-07-04,11.98,11.98,11.98,11.98,200,11.57
2014-07-03,11.90,11.90,11.88,11.90,2900,11.49
2014-07-02,12.00,12.00,12.00,12.00,8000,11.59
2014-07-01,11.90,11.90,11.90,11.90,000,11.49
2014-06-30,11.90,11.90,11.90,11.90,000,11.49
2014-06-27,11.90,11.90,11.90,11.90,2000,11.49
2014-06-26,11.98,11.98,11.98,11.98,000,11.57
2014-06-25,11.88,12.00,11.88,11.98,3000,11.57
2014-06-24,11.86,11.86,11.86,11.86,800,11.45
2014-06-23,11.84,11.84,11.84,11.84,1000,11.43
2014-06-20,11.78,12.00,11.78,12.00,11400,11.59
2014-06-19,11.80,11.80,11.78,11.78,5300,11.37
2014-06-18,11.80,11.82,11.80,11.80,8500,11.39
2014-06-17,11.82,11.82,11.78,11.80,20700,11.39
2014-06-16,11.80,11.80,11.78,11.80,4400,11.39
2014-06-13,11.80,11.80,11.80,11.80,2400,11.39
2014-06-12,11.80,11.80,11.80,11.80,6600,11.39
2014-06-11,11.80,11.82,11.80,11.80,9300,11.39
2014-06-10,11.88,11.88,11.82,11.82,8600,11.41
2014-06-09,11.92,11.92,11.84,11.84,1800,11.43
2014-06-06,11.92,11.92,11.90,11.90,5000,11.49
2014-06-05,11.92,11.92,11.80,11.88,23600,11.47
2014-06-04,11.92,11.94,11.92,11.92,9400,11.51
2014-06-03,11.90,11.90,11.90,11.90,1600,11.49
2014-06-02,11.98,11.98,11.90,11.90,4100,11.49
2014-05-30,11.96,11.96,11.96,11.96,000,11.55
2014-05-29,11.96,11.96,11.96,11.96,6000,11.55
2014-05-28,11.90,11.96,11.88,11.88,9000,11.47
2014-05-27,11.98,11.98,11.90,11.90,6000,11.49
2014-05-26,11.96,11.96,11.94,11.96,3200,11.55
2014-05-23,11.90,11.98,11.90,11.98,400,11.57
2014-05-22,11.98,12.00,11.98,11.98,6800,11.57
2014-05-21,11.96,12.00,11.92,12.00,1400,11.59
2014-05-20,12.00,12.00,11.92,11.98,9500,11.47
2014-05-19,12.10,12.10,11.90,11.90,8200,11.39
2014-05-16,12.00,12.06,12.00,12.06,2000,11.55
2014-05-15,12.00,12.00,11.96,11.96,4000,11.45
2014-05-14,11.98,12.00,11.96,11.96,14300,11.45
2014-05-13,11.98,11.98,11.98,11.98,000,11.47
2014-05-12,11.98,11.98,11.94,11.98,7900,11.47
2014-05-09,12.00,12.02,12.00,12.00,4300,11.49
2014-05-08,11.90,11.90,11.90,11.90,000,11.39
2014-05-07,11.92,11.92,11.90,11.90,84800,11.39
2014-05-06,11.86,11.90,11.80,11.90,29800,11.39
2014-05-05,11.90,11.90,11.90,11.90,1800,11.39
2014-05-02,11.90,11.90,11.90,11.90,9800,11.39
2014-05-01,11.90,11.90,11.90,11.90,000,11.39
2014-04-30,11.84,11.90,11.84,11.90,15100,11.39
2014-04-29,11.90,11.90,11.88,11.90,20200,11.39
2014-04-28,11.90,11.90,11.88,11.90,19800,11.39
2014-04-25,11.90,11.98,11.88,11.90,337400,11.39
2014-04-24,11.98,11.98,11.88,11.90,7200,11.39
2014-04-23,12.08,12.08,11.90,11.90,391900,11.39
2014-04-22,11.94,11.96,11.86,11.86,218700,11.36
2014-04-21,11.94,11.96,11.90,11.90,15900,11.39
2014-04-18,11.90,11.90,11.88,11.90,8400,11.39
2014-04-17,11.96,12.00,11.86,11.88,8500,11.37
2014-04-16,11.94,11.94,11.82,11.82,24300,11.32
2014-04-15,11.94,11.94,11.94,11.94,300,11.43
2014-04-14,11.96,11.98,11.94,11.94,8100,11.43
2014-04-11,11.96,11.96,11.94,11.94,7900,11.43
2014-04-10,11.98,12.00,11.94,11.96,26200,11.45
2014-04-09,12.00,12.02,11.98,11.98,71200,11.47
2014-04-08,12.08,12.10,12.08,12.10,3400,11.59
2014-04-07,11.94,11.98,11.94,11.98,2600,11.47
2014-04-04,11.98,11.98,11.96,11.96,7600,11.45
2014-04-03,11.98,11.98,11.96,11.98,4100,11.47
2014-04-02,12.00,12.00,11.94,12.00,10800,11.49
2014-04-01,12.00,12.00,11.92,11.92,23500,11.41
2014-03-31,12.00,12.04,12.00,12.00,297200,11.49
2014-03-28,12.00,12.02,12.00,12.00,35200,11.49
2014-03-27,11.90,12.00,11.90,12.00,3600,11.49
2014-03-26,12.00,12.02,11.98,11.98,10100,11.47
2014-03-25,12.00,12.00,12.00,12.00,4100,11.49
2014-03-24,12.06,12.06,12.00,12.04,6900,11.53
2014-03-21,12.00,12.00,12.00,12.00,21800,11.49
2014-03-20,12.10,12.10,11.98,12.00,14100,11.49
2014-03-19,12.06,12.10,12.00,12.10,8700,11.59
2014-03-18,12.10,12.10,12.00,12.00,13600,11.49
2014-03-17,12.14,12.18,12.10,12.10,3700,11.59
2014-03-14,12.14,12.14,12.14,12.14,000,11.62
2014-03-13,12.14,12.14,12.14,12.14,200,11.62
2014-03-12,12.00,12.14,12.00,12.00,18300,11.49
2014-03-11,12.14,12.14,12.02,12.02,5700,11.51
2014-03-10,12.28,12.28,12.00,12.00,2600,11.49
2014-03-07,12.28,12.30,12.28,12.28,66700,11.66
2014-03-06,12.28,12.28,12.24,12.26,21700,11.64
2014-03-05,12.26,12.28,12.24,12.26,20300,11.64
2014-03-04,12.30,12.30,12.22,12.22,28300,11.60
2014-03-03,12.36,12.36,12.30,12.30,30400,11.68
2014-02-28,12.30,12.30,12.26,12.30,12600,11.68
2014-02-27,12.20,12.30,12.20,12.30,17100,11.68
2014-02-26,12.14,12.32,12.14,12.30,53300,11.68
2014-02-25,12.00,12.00,12.00,12.00,294700,11.40
2014-02-24,12.02,12.08,12.00,12.00,326400,11.40
2014-02-21,12.00,12.00,12.00,12.00,58600,11.40
2014-02-20,12.00,12.00,12.00,12.00,535100,11.40
2014-02-19,12.02,12.02,12.00,12.00,9600,11.40
2014-02-18,12.08,12.10,12.00,12.10,6400,11.49
2014-02-17,12.10,12.10,12.08,12.10,581200,11.49
2014-02-14,12.10,12.12,12.08,12.10,17900,11.49
2014-02-13,12.20,12.20,12.10,12.10,1504500,11.49
2014-02-12,12.04,12.20,12.04,12.20,2500,11.59
2014-02-11,12.10,12.22,12.10,12.20,507400,11.59
2014-02-10,12.20,12.20,12.20,12.20,300,11.59
2014-02-07,12.18,12.18,12.10,12.10,9100,11.49
2014-02-06,12.18,12.18,12.16,12.18,5500,11.57
2014-02-05,12.28,12.28,12.20,12.20,1500,11.59
2014-02-04,12.20,12.20,12.20,12.20,2000,11.59
2014-02-03,12.20,12.20,12.20,12.20,000,11.59
2014-01-31,12.20,12.20,12.20,12.20,000,11.59
2014-01-30,12.10,12.20,12.10,12.20,6700,11.59
2014-01-29,12.00,12.08,12.00,12.08,1700,11.47
2014-01-28,12.00,12.00,12.00,12.00,55000,11.40
2014-01-27,12.18,12.18,12.00,12.00,52900,11.40
2014-01-24,11.96,12.00,11.96,12.00,84400,11.40
2014-01-23,11.98,12.00,11.98,12.00,275900,11.40
2014-01-22,11.96,12.00,11.96,12.00,4500,11.40
2014-01-21,12.00,12.00,11.94,12.00,34800,11.40
2014-01-20,12.00,12.00,11.94,11.94,9000,11.34
2014-01-17,11.90,11.90,11.90,11.90,000,11.30
2014-01-16,11.90,11.90,11.88,11.90,509400,11.30
2014-01-15,11.88,11.98,11.84,11.98,466000,11.38
2014-01-14,11.86,11.86,11.86,11.86,000,11.26
2014-01-13,11.88,11.88,11.84,11.86,123800,11.26
2014-01-10,11.94,11.94,11.90,11.90,256100,11.30
2014-01-09,11.90,12.00,11.90,11.90,25000,11.30
2014-01-08,12.00,12.00,11.92,12.00,2800,11.40
2014-01-07,12.00,12.00,11.88,11.88,17800,11.28
2014-01-06,11.90,12.00,11.90,12.00,265300,11.40
2014-01-03,12.18,12.18,11.88,11.88,9700,11.28
2014-01-02,12.04,12.06,11.84,11.84,14700,11.24
2014-01-01,12.00,12.00,12.00,12.00,000,11.40
2013-12-31,12.00,12.20,12.00,12.00,8100,11.40
2013-12-30,12.00,12.10,12.00,12.08,18100,11.47
2013-12-27,12.10,12.10,12.10,12.10,11000,11.49
2013-12-26,12.02,12.06,12.02,12.04,21700,11.43
2013-12-25,12.00,12.00,12.00,12.00,000,11.40
2013-12-24,12.02,12.02,12.00,12.00,11400,11.40
2013-12-23,12.04,12.04,12.00,12.02,114400,11.41
2013-12-20,12.00,12.10,12.00,12.06,13200,11.45
2013-12-19,12.00,12.04,12.00,12.00,36800,11.40
2013-12-18,12.00,12.00,11.98,12.00,6200,11.40
2013-12-17,12.04,12.06,12.04,12.04,39200,11.43
2013-12-16,12.10,12.10,12.00,12.04,29800,11.43
2013-12-13,12.00,12.04,12.00,12.04,27400,11.43
2013-12-12,12.00,12.00,11.98,11.98,14500,11.38
2013-12-11,12.12,12.12,11.98,12.00,40200,11.40
2013-12-10,12.10,12.12,12.10,12.12,27800,11.51
2013-12-09,12.10,12.10,12.04,12.10,119300,11.49
2013-12-06,12.14,12.14,12.12,12.12,41600,11.51
2013-12-05,12.12,12.16,12.12,12.12,31600,11.51
2013-12-04,12.18,12.18,12.10,12.12,26900,11.51
2013-12-03,12.10,12.20,12.10,12.18,14200,11.57
2013-12-02,12.22,12.20,12.10,12.20,90200,11.59
2013-11-29,12.48,12.48,12.48,12.48,1100,11.85
2013-11-28,12.12,12.20,12.10,12.10,11300,11.49
2013-11-27,12.10,12.30,12.08,12.10,11900,11.49
2013-11-26,12.22,12.24,11.90,11.90,11100,11.30
2013-11-25,12.30,12.32,12.30,12.30,4200,11.68
2013-11-22,12.30,12.30,12.24,12.24,5000,11.62
2013-11-21,12.22,12.30,12.20,12.30,3800,11.68
2013-11-20,12.60,12.60,12.50,12.50,5100,11.87
2013-11-19,12.32,12.50,12.30,12.50,12500,11.78
2013-11-18,12.40,12.40,12.38,12.40,10600,11.68
2013-11-15,12.44,12.44,12.36,12.38,11900,11.66
2013-11-14,12.40,12.40,12.40,12.40,1000,11.68
2013-11-13,12.32,12.46,12.32,12.40,12300,11.68
2013-11-12,12.50,12.50,12.36,12.36,10900,11.64
2013-11-11,12.50,12.50,12.50,12.50,1600,11.78
2013-11-08,12.40,12.50,12.40,12.40,4800,11.68
2013-11-07,12.60,12.60,12.50,12.50,12100,11.78
2013-11-06,12.60,12.60,12.60,12.60,2400,11.87
2013-11-05,12.60,12.60,12.60,12.60,000,11.87
2013-11-04,12.60,12.70,12.60,12.60,354900,11.87
2013-11-01,12.48,12.60,12.48,12.58,2200,11.85
2013-10-31,12.48,12.48,12.48,12.48,000,11.76
2013-10-30,12.48,12.56,12.48,12.48,3600,11.76
2013-10-29,12.30,12.50,12.30,12.48,124300,11.76
2013-10-28,12.16,12.48,12.16,12.48,41300,11.76
2013-10-25,12.08,12.16,12.08,12.16,2500,11.46
2013-10-24,12.02,12.04,12.02,12.04,9800,11.34
2013-10-23,12.04,12.04,12.02,12.04,13500,11.34
2013-10-22,12.02,12.04,12.02,12.04,6000,11.34
2013-10-21,12.04,12.04,12.04,12.04,5000,11.34
2013-10-18,12.02,12.08,12.02,12.08,1200,11.38
2013-10-17,12.00,12.02,12.00,12.02,5500,11.32
2013-10-16,12.00,12.00,12.00,12.00,2000,11.30
2013-10-15,12.00,12.00,12.00,12.00,000,11.30
2013-10-14,12.02,12.02,12.00,12.00,31000,11.30
2013-10-11,12.06,12.06,12.00,12.00,17100,11.30
2013-10-10,12.04,12.04,12.04,12.04,100,11.34
2013-10-09,12.02,12.20,12.02,12.20,4300,11.49
2013-10-08,12.02,12.02,12.02,12.02,000,11.32
2013-10-07,12.02,12.02,12.02,12.02,1000,11.32
2013-10-04,12.10,12.10,12.10,12.10,3100,11.40
2013-10-03,12.10,12.10,12.10,12.10,2000,11.40
2013-10-02,12.08,12.08,12.08,12.08,2200,11.38
2013-10-01,12.02,12.10,12.00,12.10,16100,11.40
2013-09-30,12.02,12.08,12.02,12.02,3000,11.32
2013-09-27,12.18,12.20,12.16,12.20,15000,11.49
2013-09-26,12.20,12.20,12.20,12.20,000,11.49
2013-09-25,12.00,12.20,12.00,12.20,12000,11.49
2013-09-24,12.18,12.18,12.00,12.00,9800,11.30
2013-09-23,12.00,12.18,12.00,12.10,46500,11.40
2013-09-20,12.00,12.16,12.00,12.10,5900,11.40
2013-09-19,12.16,12.16,12.00,12.16,11300,11.46
2013-09-18,12.08,12.10,12.08,12.10,7500,11.40
2013-09-17,12.14,12.14,12.00,12.10,4000,11.40
2013-09-16,12.00,12.00,12.00,12.00,000,11.30
2013-09-13,12.16,12.16,12.00,12.00,5000,11.30
2013-09-12,12.00,12.16,12.00,12.16,506400,11.46
2013-09-11,12.00,12.02,11.98,11.98,600,11.29
2013-09-10,12.06,12.06,12.00,12.00,75000,11.21
2013-09-09,12.00,12.00,12.00,12.00,2000,11.21
2013-09-06,12.00,12.00,12.00,12.00,500,11.21
2013-09-05,12.06,12.06,11.96,12.00,6700,11.21
2013-09-04,12.06,12.08,12.06,12.08,9300,11.29
2013-09-03,12.10,12.12,12.00,12.06,5700,11.27
2013-09-02,12.00,12.16,11.98,12.16,7100,11.36
2013-08-30,12.30,12.30,11.98,12.08,30000,11.29
2013-08-29,12.12,12.12,12.00,12.00,105500,11.21
2013-08-28,11.90,12.02,11.80,12.00,178700,11.21
2013-08-27,12.00,12.04,12.00,12.00,75700,11.21
2013-08-26,12.00,12.24,12.00,12.24,16400,11.43
2013-08-23,12.12,12.12,12.00,12.00,6000,11.21
2013-08-22,12.22,12.22,12.12,12.12,9900,11.32
2013-08-21,12.22,12.24,12.22,12.24,1100,11.43
2013-08-20,12.22,12.28,12.22,12.24,20000,11.43
2013-08-19,12.22,12.30,12.22,12.30,4700,11.49
2013-08-16,12.22,12.22,12.20,12.20,4700,11.40
2013-08-15,12.20,12.20,12.20,12.20,200,11.40
2013-08-14,12.30,12.40,12.30,12.40,9100,11.58
2013-08-13,12.20,12.30,12.18,12.30,20500,11.49
2013-08-12,12.20,12.22,12.20,12.22,7700,11.42
2013-08-09,12.18,12.18,12.18,12.18,000,11.38
2013-08-08,12.18,12.18,12.18,12.18,000,11.38
2013-08-07,12.20,12.20,12.18,12.18,16900,11.38
2013-08-06,12.20,12.20,12.18,12.20,6200,11.40
2013-08-05,12.18,12.18,12.18,12.18,3000,11.38
2013-08-02,12.24,12.26,12.20,12.26,8000,11.45
2013-08-01,12.12,12.20,12.10,12.20,12100,11.40
2013-07-31,12.12,12.16,12.10,12.16,17800,11.36
2013-07-30,12.20,12.26,12.20,12.26,16100,11.45
2013-07-29,12.12,12.16,12.10,12.16,29100,11.36
2013-07-26,12.16,12.16,12.10,12.12,2600,11.32
2013-07-25,12.14,12.16,12.12,12.16,4100,11.36
2013-07-24,12.20,12.20,12.20,12.20,3100,11.40
2013-07-23,12.20,12.20,12.20,12.20,3000,11.40
2013-07-22,12.12,12.26,12.10,12.20,7800,11.40
2013-07-19,12.16,12.28,12.16,12.28,8800,11.47
2013-07-18,12.10,12.10,12.08,12.10,5200,11.30
2013-07-17,12.10,12.10,12.08,12.10,120700,11.30
2013-07-16,12.12,12.12,12.10,12.12,9000,11.32
2013-07-15,12.16,12.20,12.14,12.16,34900,11.36
2013-07-12,12.16,12.16,12.16,12.16,7600,11.36
2013-07-11,12.12,12.16,12.12,12.16,2100,11.36
2013-07-10,12.14,12.16,12.14,12.16,3000,11.36
2013-07-09,12.16,12.16,12.10,12.10,4000,11.30
2013-07-08,12.16,12.16,12.10,12.16,6700,11.36
2013-07-05,12.16,12.16,12.16,12.16,1200,11.36
2013-07-04,12.10,12.10,12.06,12.06,5100,11.27
2013-07-03,12.10,12.10,12.02,12.02,6700,11.23
2013-07-02,12.20,12.20,12.10,12.20,1200,11.40
2013-07-01,12.10,12.10,12.02,12.10,5500,11.30
2013-06-28,12.10,12.16,12.10,12.10,40500,11.30
2013-06-27,12.12,12.20,12.12,12.20,1100,11.40
2013-06-26,12.08,12.22,12.08,12.22,34600,11.42
2013-06-25,12.00,12.00,11.96,12.00,8100,11.21
2013-06-24,12.08,12.08,12.00,12.00,6000,11.21
2013-06-21,12.12,12.12,12.08,12.08,11000,11.29
2013-06-20,12.20,12.20,12.14,12.14,5200,11.34
2013-06-19,12.20,12.20,12.16,12.16,11100,11.36
2013-06-18,12.20,12.20,12.12,12.20,2600,11.40
2013-06-17,12.10,12.12,12.10,12.12,5200,11.32
2013-06-14,12.16,12.16,12.10,12.10,13300,11.30
2013-06-13,12.10,12.20,12.02,12.16,29400,11.36
2013-06-12,12.08,12.20,12.00,12.00,14100,11.21
2013-06-11,12.00,12.00,11.98,12.00,16200,11.21
2013-06-10,12.00,12.12,12.00,12.08,34100,11.19
2013-06-07,12.00,12.00,11.98,11.98,38100,11.10
2013-06-06,12.00,12.00,11.96,11.96,25500,11.08
2013-06-05,12.10,12.10,12.00,12.02,4600,11.14
2013-06-04,12.00,12.14,12.00,12.04,9000,11.15
2013-06-03,12.00,12.00,12.00,12.00,1800,11.12
2013-05-31,12.10,12.10,12.00,12.00,28800,11.12
2013-05-30,12.20,12.20,12.10,12.10,1400,11.21
2013-05-29,12.10,12.18,12.02,12.18,15100,11.28
2013-05-28,12.00,12.08,12.00,12.00,1100,11.12
2013-05-27,12.00,12.00,11.92,11.92,8100,11.04
2013-05-24,12.00,12.00,12.00,12.00,000,11.12
2013-05-23,11.92,12.00,11.90,12.00,67700,11.12
2013-05-22,12.00,12.00,11.92,11.92,8100,11.04
2013-05-21,11.98,12.00,11.92,12.00,14200,11.12
2013-05-20,12.20,12.20,11.90,12.00,17800,11.12
2013-05-17,11.98,12.00,11.98,12.00,17200,11.12
2013-05-16,12.10,12.10,11.98,11.98,8500,11.10
2013-05-15,12.02,12.10,12.02,12.10,220000,11.21
2013-05-14,12.00,12.00,11.98,11.98,21600,11.10
2013-05-13,11.96,12.00,11.96,11.98,24800,11.10
2013-05-10,11.90,11.94,11.90,11.90,19500,11.03
2013-05-09,11.86,11.90,11.86,11.90,39000,11.03
2013-05-08,11.86,11.98,11.80,11.86,66400,10.99
2013-05-07,11.94,11.96,11.82,11.84,25600,10.97
2013-05-06,11.98,11.98,11.80,11.84,18700,10.97
2013-05-03,11.66,11.80,11.66,11.80,227100,10.93
2013-05-02,11.90,11.90,11.60,11.60,8200,10.75
2013-05-01,11.80,11.80,11.80,11.80,000,10.93
2013-04-30,11.62,11.86,11.62,11.80,500100,10.93
2013-04-29,11.94,11.94,11.60,11.60,3000,10.75
2013-04-26,11.98,11.98,11.90,11.92,11200,11.04
2013-04-25,11.98,11.98,11.98,11.98,000,11.10
2013-04-24,11.80,11.98,11.80,11.98,31500,11.10
2013-04-23,11.78,11.84,11.70,11.80,28800,10.93
2013-04-22,11.80,11.80,11.80,11.80,000,10.93
2013-04-19,11.80,11.82,11.80,11.80,44200,10.93
2013-04-18,11.70,11.80,11.70,11.80,11700,10.93
2013-04-17,11.76,11.76,11.74,11.74,3500,10.88
2013-04-16,11.70,11.72,11.68,11.72,213400,10.86
2013-04-15,11.72,11.72,11.60,11.64,24500,10.78
2013-04-12,11.54,11.70,11.54,11.70,38700,10.84
2013-04-11,11.30,11.50,11.30,11.50,52000,10.65
2013-04-10,11.26,11.28,11.20,11.26,35400,10.43
2013-04-09,11.38,11.38,11.30,11.30,18000,10.47
2013-04-08,11.28,11.28,11.28,11.28,1600,10.45
2013-04-05,11.26,11.26,11.26,11.26,000,10.43
2013-04-04,11.32,11.32,11.20,11.26,9900,10.43
2013-04-03,11.40,11.40,11.26,11.32,48400,10.49
2013-04-02,11.40,11.40,11.40,11.40,1600,10.56
2013-04-01,11.30,11.46,11.30,11.46,3000,10.62
2013-03-29,11.30,11.30,11.24,11.30,7500,10.47
2013-03-28,11.20,11.30,11.20,11.24,8600,10.41
2013-03-27,11.30,11.34,11.26,11.30,2300,10.47
2013-03-26,11.30,11.30,11.24,11.30,31000,10.47
2013-03-25,11.24,11.32,11.24,11.30,64600,10.47
2013-03-22,11.10,11.20,11.10,11.20,17400,10.38
2013-03-21,11.30,11.30,11.16,11.16,5500,10.34
2013-03-20,11.26,11.30,11.14,11.16,12100,10.34
2013-03-19,11.48,11.48,11.20,11.20,5400,10.38
2013-03-18,11.66,11.68,11.52,11.52,31500,10.58
2013-03-15,11.54,11.74,11.50,11.70,88700,10.75
2013-03-14,11.58,11.60,11.58,11.60,10500,10.65
2013-03-13,11.68,11.70,11.50,11.50,25900,10.56
2013-03-12,11.50,11.68,11.50,11.64,13600,10.69
2013-03-11,11.42,11.50,11.40,11.50,15200,10.56
2013-03-08,11.36,11.36,11.36,11.36,2200,10.43
2013-03-07,11.26,11.34,11.26,11.28,6200,10.36
2013-03-06,11.26,11.26,11.20,11.26,24800,10.34
2013-03-05,11.24,11.24,11.22,11.24,15200,10.32
2013-03-04,11.28,11.28,11.20,11.24,9200,10.32
2013-03-01,11.26,11.26,11.22,11.26,13200,10.34
2013-02-28,11.30,11.30,11.24,11.24,3100,10.32
2013-02-27,11.26,11.30,11.18,11.18,27300,10.27
2013-02-26,11.24,11.30,11.24,11.26,51700,10.34
2013-02-25,11.20,11.24,11.12,11.20,167600,10.29
2013-02-22,11.28,11.28,11.18,11.20,19400,10.29
2013-02-21,11.20,11.26,11.14,11.18,107400,10.27
2013-02-20,11.04,11.10,11.04,11.06,13900,10.16
2013-02-19,11.04,11.04,11.02,11.02,6600,10.12
2013-02-18,11.18,11.18,11.16,11.16,1800,10.25
2013-02-15,11.20,11.20,11.16,11.16,92000,10.25
2013-02-14,11.12,11.16,11.12,11.16,5200,10.25
2013-02-13,11.12,11.12,11.12,11.12,300,10.21
2013-02-12,11.10,11.10,11.10,11.10,000,10.19
2013-02-11,11.10,11.10,11.10,11.10,000,10.19
2013-02-08,11.10,11.20,11.08,11.10,85900,10.19
2013-02-07,11.14,11.14,11.12,11.12,101500,10.21
2013-02-06,11.18,11.20,11.12,11.12,163200,10.21
2013-02-05,11.16,11.18,11.16,11.18,111500,10.27
2013-02-04,11.06,11.20,11.06,11.18,186700,10.27
2013-02-01,11.04,11.04,11.04,11.04,000,10.14
2013-01-31,11.14,11.18,11.04,11.04,34300,10.14
2013-01-30,11.20,11.20,11.00,11.04,7700,10.14
2013-01-29,11.18,11.20,11.18,11.20,7400,10.29
2013-01-25,11.20,11.24,11.20,11.20,43000,10.29
2013-01-24,11.20,11.20,11.20,11.20,000,10.29
2013-01-23,11.20,11.20,11.20,11.20,000,10.29
2013-01-22,11.10,11.20,10.96,11.20,27600,10.29
2013-01-21,11.20,11.20,11.10,11.14,80800,10.23
2013-01-18,11.22,11.24,11.20,11.20,19600,10.29
2013-01-17,11.34,11.34,11.28,11.28,3300,10.36
2013-01-16,11.40,11.40,11.24,11.34,16000,10.42
2013-01-15,11.40,11.40,11.40,11.40,1000,10.47
2013-01-14,11.26,11.28,11.22,11.28,169500,10.36
2013-01-11,11.22,11.24,11.20,11.24,19000,10.32
2013-01-10,11.34,11.34,11.08,11.20,8900,10.29
2013-01-09,11.32,11.40,11.30,11.34,40700,10.42
2013-01-08,11.58,11.58,11.38,11.38,17100,10.45
2013-01-07,11.56,11.60,11.54,11.58,28600,10.64
2013-01-04,11.60,11.60,11.52,11.52,3100,10.58
2013-01-03,11.50,11.62,11.50,11.60,109000,10.65
2013-01-02,11.40,11.70,11.40,11.60,5100,10.65
2013-01-01,12.00,12.00,12.00,12.00,000,11.02
2012-12-31,11.40,12.00,11.40,12.00,43800,11.02
2012-12-28,11.50,11.50,11.38,11.50,9900,10.56
2012-12-27,11.38,11.50,11.36,11.50,24800,10.56
2012-12-26,11.30,11.38,11.30,11.38,5500,10.45
2012-12-25,11.40,11.40,11.40,11.40,000,10.47
2012-12-24,11.40,11.40,11.24,11.40,17200,10.47
2012-12-21,11.24,11.40,11.24,11.40,10000,10.47
2012-12-20,11.20,11.24,11.18,11.24,14800,10.32
2012-12-19,11.18,11.18,11.10,11.10,9700,10.19
2012-12-18,11.20,11.20,11.14,11.18,4200,10.27
2012-12-17,11.10,11.12,11.10,11.12,8700,10.21
2012-12-14,11.00,11.10,11.00,11.10,31100,10.19
2012-12-13,11.10,11.10,11.08,11.10,520600,10.19
2012-12-12,11.10,11.12,11.08,11.10,203000,10.19
2012-12-11,11.00,11.10,11.00,11.08,3900,10.18
2012-12-10,10.96,11.14,10.96,11.10,9400,10.19
2012-12-07,11.10,11.10,11.10,11.10,600,10.19
2012-12-06,10.98,11.12,10.98,11.12,5900,10.21
2012-12-05,11.02,11.02,11.00,11.00,1500,10.10
2012-12-04,11.00,11.10,11.00,11.04,326000,10.14
2012-12-03,11.00,11.10,11.00,11.04,59800,10.14
2012-11-30,10.84,11.00,10.84,10.96,19700,10.07
2012-11-29,11.00,11.46,10.82,10.82,4800,9.94
2012-11-28,10.78,10.88,10.70,10.88,18800,9.99
2012-11-27,10.98,11.00,10.80,10.88,35300,9.90
2012-11-26,11.18,11.18,10.82,10.86,37700,9.88
2012-11-23,11.44,11.44,10.88,11.18,45100,10.17
2012-11-22,11.44,11.46,11.42,11.44,397000,10.41
2012-11-21,11.32,11.50,11.32,11.44,44100,10.41
2012-11-20,11.22,11.30,11.00,11.28,144800,10.26
2012-11-19,11.64,11.64,11.20,11.22,72900,10.21
2012-11-16,11.88,11.88,11.64,11.64,63000,10.59
2012-11-15,11.94,11.94,11.94,11.94,000,10.87
2012-11-14,11.98,11.98,11.92,11.94,9300,10.87
2012-11-13,11.98,11.98,11.98,11.98,000,10.90
2012-11-12,11.98,12.00,11.96,11.98,189300,10.90
2012-11-09,12.00,12.00,11.90,12.00,9100,10.92
2012-11-08,11.90,12.00,11.90,12.00,12100,10.92
2012-11-07,11.90,12.10,11.90,11.92,18000,10.85
2012-11-06,12.14,12.14,12.00,12.00,18700,10.92
2012-11-05,12.14,12.16,12.14,12.14,147200,11.05
2012-11-02,12.20,12.20,12.14,12.18,133200,11.08
2012-11-01,12.14,12.48,12.14,12.18,12400,11.08
2012-10-31,12.26,12.30,12.10,12.14,417400,11.05
2012-10-30,12.34,12.34,12.24,12.24,43100,11.14
2012-10-29,12.54,12.54,12.28,12.40,187500,11.28
2012-10-26,12.60,12.60,12.60,12.60,000,11.47
2012-10-25,12.60,12.62,12.52,12.60,22000,11.47
2012-10-24,12.50,12.60,12.48,12.60,29400,11.47
2012-10-23,12.40,12.50,12.40,12.50,17300,11.37
2012-10-22,12.50,12.60,12.28,12.30,29100,11.19
2012-10-19,12.20,12.50,12.16,12.48,45900,11.36
2012-10-18,12.28,12.28,12.18,12.28,7700,11.17
2012-10-17,12.02,12.30,11.90,12.18,21700,11.08
2012-10-16,12.26,12.26,12.08,12.08,22700,10.99
2012-10-15,12.40,12.48,12.00,12.30,30900,11.19
2012-10-12,12.48,12.48,12.32,12.38,26300,11.27
2012-10-11,11.70,12.70,11.70,12.48,51700,11.36
2012-10-10,11.50,11.68,11.50,11.62,285900,10.57
2012-10-09,11.32,11.60,11.32,11.60,240400,10.56
2012-10-08,11.30,11.42,11.28,11.30,14400,10.28
2012-10-05,11.26,11.26,11.26,11.26,000,10.25
2012-10-04,11.04,11.36,11.00,11.26,29300,10.25
2012-10-03,11.00,11.04,11.00,11.04,906200,10.05
2012-10-02,11.00,11.00,11.00,11.00,10500,10.01
2012-10-01,11.00,11.00,11.00,11.00,000,10.01
2012-09-28,10.78,11.00,10.78,11.00,2813200,10.01
2012-09-27,10.80,10.80,10.78,10.80,312000,9.83
2012-09-26,10.80,10.80,10.76,10.80,1327700,9.83
2012-09-25,10.80,10.80,10.80,10.80,611900,9.83
2012-09-24,10.80,10.80,10.70,10.80,207200,9.83
2012-09-21,10.80,10.82,10.78,10.80,500800,9.83
2012-09-20,10.78,10.78,10.78,10.78,5000,9.81
2012-09-19,10.76,10.80,10.68,10.78,105200,9.81
2012-09-18,10.70,10.80,10.70,10.80,28800,9.83
2012-09-17,10.80,10.80,10.80,10.80,000,9.83
2012-09-14,10.70,10.80,10.70,10.80,36500,9.83
2012-09-13,10.76,10.88,10.76,10.80,317600,9.83
2012-09-12,10.74,10.74,10.74,10.74,1000,9.77
2012-09-11,10.70,10.70,10.68,10.68,30400,9.72
2012-09-10,10.80,10.82,10.70,10.70,62100,9.74
2012-09-07,10.90,11.00,10.88,10.90,330500,9.83
2012-09-06,10.90,10.90,10.88,10.90,220300,9.83
2012-09-05,11.00,11.10,10.90,10.90,70800,9.83
2012-09-04,11.00,11.10,11.00,11.10,7800,10.01
2012-09-03,10.96,10.96,10.96,10.96,101100,9.88
2012-08-31,10.94,10.94,10.94,10.94,000,9.86
2012-08-30,10.94,10.98,10.94,10.94,33300,9.86
2012-08-29,11.00,11.00,10.94,10.94,9100,9.86
2012-08-28,11.30,11.30,10.84,10.90,219600,9.83
2012-08-27,10.90,10.90,10.80,10.90,30000,9.83
2012-08-24,10.88,10.90,10.88,10.90,3500,9.83
2012-08-23,10.90,10.90,10.90,10.90,270300,9.83
2012-08-22,10.92,10.92,10.90,10.90,2500,9.83
2012-08-21,10.90,10.90,10.90,10.90,000,9.83
2012-08-20,10.90,10.90,10.90,10.90,000,9.83
2012-08-17,10.90,11.00,10.90,10.90,6500,9.83
2012-08-16,10.96,11.00,10.96,10.98,91400,9.90
2012-08-15,10.90,10.96,10.68,10.96,59700,9.88
2012-08-14,10.46,11.00,10.46,10.96,68900,9.88
2012-08-13,10.50,10.60,10.30,10.50,99300,9.47
2012-08-10,10.46,10.50,10.38,10.42,33600,9.40
2012-08-09,10.20,10.46,10.10,10.40,84300,9.38
2012-08-08,10.28,10.30,9.93,10.10,6500,9.11
2012-08-07,9.98,9.98,9.98,9.98,3500,9.00
2012-08-06,9.90,9.90,9.90,9.90,1000,8.93
2012-08-03,9.85,9.96,9.85,9.96,10300,8.98
2012-08-02,9.90,9.90,9.90,9.90,12000,8.93
2012-08-01,9.80,9.90,9.76,9.90,77200,8.93
2012-07-31,9.76,9.89,9.76,9.80,7000,8.84
2012-07-30,9.85,9.85,9.85,9.85,500,8.88
2012-07-27,9.76,9.90,9.76,9.90,1800,8.93
2012-07-26,9.76,9.77,9.76,9.76,43100,8.80
2012-07-25,9.77,9.77,9.75,9.75,37900,8.79
2012-07-24,9.75,9.86,9.75,9.76,44000,8.80
2012-07-23,9.73,9.75,9.72,9.75,59700,8.79
2012-07-20,9.73,9.73,9.73,9.73,528400,8.77
2012-07-19,9.75,9.75,9.70,9.70,72500,8.75
2012-07-18,9.75,9.76,9.74,9.75,565000,8.79
2012-07-17,9.74,9.77,9.71,9.75,97100,8.79
2012-07-16,9.71,9.71,9.70,9.70,281400,8.75
2012-07-13,9.69,9.72,9.69,9.71,200300,8.76
2012-07-12,9.70,9.71,9.70,9.70,180200,8.75
2012-07-11,9.70,9.71,9.69,9.70,444800,8.75
2012-07-10,9.70,9.80,9.70,9.70,22700,8.75
2012-07-09,9.70,9.70,9.66,9.68,20500,8.73
2012-07-06,9.68,9.75,9.68,9.70,8800,8.75
2012-07-05,9.70,9.70,9.69,9.70,50000,8.75
2012-07-04,9.70,9.70,9.70,9.70,16000,8.75
2012-07-03,9.70,9.71,9.70,9.70,330000,8.75
2012-07-02,9.75,9.75,9.70,9.70,20200,8.75
2012-06-29,9.75,9.75,9.68,9.70,267100,8.75
2012-06-28,9.77,9.77,9.72,9.72,4200,8.76
2012-06-27,9.78,9.80,9.77,9.77,71600,8.81
2012-06-26,9.80,9.80,9.76,9.76,14000,8.80
2012-06-25,9.75,9.78,9.75,9.78,11000,8.82
2012-06-22,9.76,9.76,9.76,9.76,2000,8.80
2012-06-21,9.75,9.80,9.72,9.80,2300,8.84
2012-06-20,9.77,9.80,9.75,9.75,170000,8.79
2012-06-19,9.75,9.75,9.75,9.75,000,8.79
2012-06-18,9.75,9.75,9.75,9.75,1000,8.79
2012-06-15,9.76,9.78,9.75,9.75,12400,8.79
2012-06-14,9.71,9.71,9.71,9.71,2000,8.76
2012-06-13,9.69,9.70,9.67,9.70,30000,8.75
2012-06-12,9.70,9.70,9.70,9.70,900,8.75
2012-06-11,9.70,9.72,9.70,9.72,20800,8.67
2012-06-08,9.67,9.70,9.67,9.70,20300,8.66
2012-06-07,9.70,9.70,9.68,9.68,28100,8.64
2012-06-06,9.70,9.70,9.70,9.70,000,8.66
2012-06-05,9.70,9.71,9.70,9.70,140300,8.66
2012-06-04,9.60,9.72,9.60,9.61,23100,8.58
2012-06-01,9.80,9.80,9.70,9.70,10600,8.66
2012-05-31,9.75,9.80,9.72,9.80,77200,8.75
2012-05-30,9.75,9.75,9.70,9.70,1200,8.66
2012-05-29,9.75,9.75,9.74,9.74,18700,8.69
2012-05-28,9.75,9.75,9.73,9.75,16100,8.70
2012-05-25,9.66,9.75,9.66,9.74,20400,8.69
2012-05-24,9.48,10.00,9.48,10.00,6300,8.92
2012-05-23,9.46,9.48,9.46,9.48,11500,8.46
2012-05-22,9.42,9.48,9.42,9.48,8000,8.46
2012-05-21,9.34,9.40,9.34,9.39,20200,8.38
2012-05-18,9.60,9.60,9.32,9.34,52500,8.33
2012-05-17,9.62,9.70,9.62,9.69,12500,8.65
2012-05-16,9.69,9.70,9.60,9.60,14400,8.57
2012-05-15,9.70,9.74,9.64,9.72,23000,8.67
2012-05-14,9.70,9.72,9.69,9.69,18800,8.65
2012-05-11,9.72,9.75,9.70,9.74,29600,8.69
2012-05-10,9.74,9.78,9.74,9.78,3200,8.73
2012-05-09,9.78,9.78,9.72,9.73,8800,8.68
2012-05-08,9.75,9.75,9.75,9.75,14700,8.70
2012-05-07,9.76,9.76,9.75,9.75,5600,8.70
2012-05-04,9.78,9.80,9.78,9.80,3000,8.75
2012-05-03,9.78,9.78,9.78,9.78,5500,8.73
2012-05-02,9.78,9.80,9.78,9.80,3400,8.75
2012-05-01,9.78,9.78,9.78,9.78,000,8.73
2012-04-30,9.72,9.78,9.72,9.78,13000,8.73
2012-04-27,9.80,9.80,9.80,9.80,6100,8.75
2012-04-26,9.73,9.73,9.73,9.73,6700,8.68
2012-04-25,9.72,9.73,9.70,9.73,17500,8.68
2012-04-24,9.72,9.73,9.70,9.70,29800,8.66
2012-04-23,9.80,9.82,9.72,9.72,44900,8.67
2012-04-20,9.78,9.78,9.75,9.78,3000,8.73
2012-04-19,9.79,9.79,9.79,9.79,1600,8.74
2012-04-18,9.70,9.82,9.70,9.79,47200,8.74
2012-04-17,9.90,9.90,9.78,9.80,14200,8.75
2012-04-16,9.80,9.85,9.80,9.84,3500,8.78
2012-04-13,10.00,10.00,9.78,9.98,400,8.91
2012-04-12,9.76,9.76,9.76,9.76,300,8.71
2012-04-11,9.76,9.76,9.76,9.76,000,8.71
2012-04-10,9.80,9.80,9.76,9.76,3400,8.71
2012-04-09,9.80,9.80,9.80,9.80,2500,8.75
2012-04-06,9.80,9.80,9.78,9.80,9200,8.75
2012-04-05,9.82,9.83,9.80,9.80,8000,8.75
2012-04-04,9.83,9.90,9.80,9.90,3200,8.83
2012-04-03,9.85,9.89,9.84,9.89,311000,8.83
2012-04-02,9.86,9.88,9.84,9.84,46900,8.78
2012-03-30,9.78,9.84,9.78,9.84,13500,8.78
2012-03-29,9.71,9.78,9.71,9.78,258300,8.73
2012-03-28,9.80,9.80,9.70,9.70,1500,8.66
2012-03-27,9.72,9.81,9.70,9.72,57600,8.67
2012-03-26,9.75,9.75,9.70,9.70,19300,8.66
2012-03-23,9.80,9.80,9.73,9.73,3200,8.68
2012-03-22,9.75,9.80,9.75,9.80,2000,8.75
2012-03-21,9.72,9.72,9.69,9.70,28600,8.66
2012-03-20,9.71,9.71,9.71,9.71,37700,8.66
2012-03-19,9.70,9.72,9.70,9.71,1500,8.66
2012-03-16,9.80,9.80,9.74,9.74,9500,8.69
2012-03-15,9.75,9.80,9.75,9.75,3300,8.70
2012-03-14,9.85,9.85,9.80,9.80,262800,8.66
2012-03-13,9.81,9.82,9.81,9.82,2200,8.68
2012-03-12,9.80,9.81,9.80,9.80,305500,8.66
2012-03-09,9.81,9.87,9.80,9.80,283300,8.66
2012-03-08,9.82,9.83,9.82,9.83,108000,8.69
2012-03-07,9.80,9.84,9.80,9.82,37000,8.68
2012-03-06,9.83,9.85,9.80,9.80,103000,8.66
2012-03-05,9.90,9.90,9.80,9.80,10500,8.66
2012-03-02,9.87,9.90,9.80,9.90,11100,8.75
2012-03-01,9.85,9.87,9.85,9.86,9300,8.72
2012-02-29,9.80,9.85,9.80,9.80,58000,8.66
2012-02-28,9.94,9.94,9.78,9.79,90000,8.66
2012-02-27,9.81,9.81,9.81,9.81,2000,8.67
2012-02-24,9.81,9.82,9.80,9.80,18900,8.66
2012-02-23,9.80,9.81,9.80,9.81,7200,8.67
2012-02-22,9.82,9.82,9.80,9.80,4000,8.66
2012-02-21,9.85,9.85,9.80,9.80,13500,8.66
2012-02-20,9.85,9.95,9.80,9.80,17400,8.66
2012-02-17,10.00,10.00,9.70,9.70,31300,8.58
2012-02-16,9.91,9.91,9.80,9.80,34200,8.66
2012-02-15,9.80,9.80,9.80,9.80,7000,8.66
2012-02-14,9.78,9.80,9.78,9.80,2500,8.66
2012-02-13,9.80,9.80,9.80,9.80,2000,8.66
2012-02-10,9.98,9.98,9.70,9.80,15100,8.66
2012-02-09,9.51,9.80,9.51,9.66,16400,8.54
2012-02-08,9.48,9.58,9.47,9.58,30800,8.47
2012-02-07,9.46,9.46,9.46,9.46,000,8.36
2012-02-03,9.43,9.47,9.43,9.46,30100,8.36
2012-02-02,9.50,9.50,9.43,9.43,14900,8.34
2012-02-01,9.44,9.44,9.44,9.44,000,8.35
2012-01-31,9.50,9.50,9.43,9.44,3900,8.35
2012-01-30,9.42,9.45,9.42,9.45,2200,8.36
2012-01-27,9.60,9.60,9.50,9.55,5600,8.44
2012-01-26,9.50,9.50,9.50,9.50,200,8.40
2012-01-25,9.40,9.40,9.40,9.40,000,8.31
2012-01-24,9.40,9.40,9.40,9.40,000,8.31
2012-01-23,9.40,9.40,9.40,9.40,000,8.31
2012-01-20,9.40,9.40,9.40,9.40,000,8.31
2012-01-19,9.40,9.40,9.40,9.40,1500,8.31
2012-01-18,9.25,9.48,9.25,9.48,1300,8.38
2012-01-17,9.30,9.30,9.30,9.30,8400,8.22
2012-01-16,9.36,9.36,9.30,9.30,10600,8.22
2012-01-13,9.40,9.40,9.36,9.36,7600,8.28
2012-01-12,9.40,9.40,9.40,9.40,11000,8.31
2012-01-11,9.40,9.40,9.34,9.35,6400,8.27
2012-01-10,9.40,9.40,9.40,9.40,1000,8.31
2012-01-09,9.34,9.52,9.29,9.48,7400,8.38
2012-01-06,9.21,9.28,9.21,9.28,8500,8.21
2012-01-05,9.28,9.28,9.21,9.21,4000,8.14
2012-01-04,9.27,9.28,9.25,9.25,4100,8.18
2012-01-03,9.26,9.29,9.20,9.20,2000,8.13
2011-12-30,9.25,9.26,9.25,9.26,2300,8.19
2011-12-29,9.25,9.25,9.25,9.25,2000,8.18
2011-12-28,9.25,9.25,9.25,9.25,2000,8.18
2011-12-27,9.25,9.26,9.25,9.25,4600,8.18
2011-12-26,9.26,9.26,9.26,9.26,000,8.19
2011-12-23,9.25,9.26,9.25,9.26,3000,8.19
2011-12-22,9.25,9.25,9.24,9.24,700,8.17
2011-12-21,9.25,9.25,9.24,9.25,3000,8.18
2011-12-20,9.27,9.27,9.20,9.20,2100,8.13
2011-12-19,9.20,9.30,9.20,9.20,4200,8.13
2011-12-16,9.10,9.10,9.05,9.05,3000,8.00
2011-12-15,9.20,9.20,9.05,9.05,3100,8.00
2011-12-14,9.05,9.05,8.95,9.00,24900,7.96
2011-12-13,9.00,9.05,9.00,9.05,10100,8.00
2011-12-12,8.98,9.05,8.96,9.04,8000,7.99
2011-12-09,8.96,8.98,8.96,8.96,22000,7.92
2011-12-08,9.05,9.05,9.00,9.00,25300,7.96
2011-12-07,9.10,9.10,9.05,9.05,5100,8.00
2011-12-06,9.01,9.03,9.00,9.03,3700,7.98
2011-12-05,9.10,9.10,8.96,9.00,12200,7.96
2011-12-02,9.03,9.03,8.96,8.96,7000,7.92
2011-12-01,8.98,9.10,8.98,9.10,16600,8.05
2011-11-30,8.99,9.00,8.95,8.96,8600,7.92
2011-11-29,9.33,9.38,9.33,9.38,17600,8.21
2011-11-28,9.31,9.31,9.31,9.31,000,8.15
2011-11-25,9.30,9.38,9.30,9.31,19800,8.15
2011-11-24,9.37,9.37,9.30,9.34,37300,8.18
2011-11-23,9.34,9.36,9.29,9.30,23700,8.14
2011-11-22,9.30,9.30,9.30,9.30,1000,8.14
2011-11-21,9.31,9.38,9.30,9.37,46700,8.21
2011-11-18,9.30,9.30,9.28,9.30,24600,8.14
2011-11-17,9.08,9.35,9.08,9.32,54600,8.16
2011-11-16,9.00,9.05,8.98,9.04,33100,7.92
2011-11-15,8.74,9.00,8.74,8.98,40500,7.86
2011-11-14,8.86,9.00,8.70,8.80,140400,7.71
2011-11-11,8.63,8.78,8.62,8.65,97500,7.57
2011-11-10,8.63,8.63,8.61,8.62,168400,7.55
2011-11-09,8.69,8.69,8.67,8.67,47000,7.59
2011-11-08,8.75,8.75,8.68,8.68,32500,7.60
2011-11-04,8.75,8.78,8.68,8.68,35700,7.60
2011-11-03,8.70,8.70,8.66,8.68,22500,7.60
2011-11-02,8.72,8.72,8.69,8.70,66300,7.62
2011-11-01,8.80,8.80,8.75,8.78,20400,7.69
2011-10-31,8.82,8.82,8.80,8.80,18100,7.71
2011-10-28,8.90,8.91,8.80,8.80,2800,7.71
2011-10-27,8.82,8.82,8.77,8.80,41000,7.71
2011-10-25,8.80,8.80,8.78,8.78,2000,7.69
2011-10-24,8.90,8.90,8.78,8.78,70700,7.69
2011-10-21,8.85,8.87,8.80,8.80,2500,7.71
2011-10-20,8.77,8.87,8.76,8.87,5700,7.77
2011-10-19,8.80,8.80,8.80,8.80,2000,7.71
2011-10-18,8.84,8.84,8.80,8.80,3300,7.71
2011-10-17,8.80,8.85,8.80,8.85,5500,7.75
2011-10-14,8.68,8.68,8.68,8.68,2000,7.60
2011-10-13,8.80,8.80,8.58,8.58,48500,7.51
2011-10-12,8.68,8.68,8.57,8.58,1200,7.51
2011-10-11,8.40,8.68,8.40,8.68,20300,7.60
2011-10-10,8.40,8.45,8.36,8.36,14200,7.32
2011-10-07,8.49,8.50,8.40,8.40,51800,7.36
2011-10-06,8.55,8.55,8.48,8.49,18200,7.43
2011-10-05,8.50,8.50,8.49,8.49,7600,7.43
2011-10-04,8.55,8.57,8.48,8.48,31800,7.43
2011-10-03,8.68,8.68,8.60,8.60,2000,7.53
2011-09-30,8.51,8.68,8.51,8.68,1000,7.60
2011-09-29,8.50,8.54,8.50,8.50,26300,7.44
2011-09-28,8.60,8.60,8.50,8.50,51200,7.44
2011-09-27,8.55,8.70,8.50,8.60,17700,7.53
2011-09-26,8.60,8.62,8.40,8.50,19400,7.44
2011-09-23,8.79,8.79,8.68,8.71,17200,7.63
2011-09-22,8.86,8.88,8.80,8.80,18000,7.71
2011-09-21,8.88,8.88,8.88,8.88,1500,7.78
2011-09-20,8.80,8.88,8.80,8.85,6500,7.75
2011-09-19,8.85,8.88,8.85,8.88,6500,7.78
2011-09-15,8.95,8.99,8.95,8.99,4500,7.87
2011-09-14,8.92,8.92,8.90,8.90,4000,7.79
2011-09-13,9.00,9.05,8.95,9.00,7400,7.88
2011-09-12,9.00,9.00,9.00,9.00,700,7.88
2011-09-09,9.00,9.00,8.98,8.98,15200,7.86
2011-09-08,8.92,8.92,8.92,8.92,2900,7.81
2011-09-07,8.89,8.90,8.89,8.90,5000,7.79
2011-09-06,8.88,8.89,8.88,8.89,6600,7.78
2011-09-05,8.80,9.00,8.80,8.88,2500,7.78
2011-09-02,8.88,9.00,8.88,8.89,4200,7.78
2011-08-29,8.86,8.86,8.86,8.86,4000,7.76
2011-08-26,8.91,8.91,8.85,8.85,37000,7.75
2011-08-25,8.90,8.90,8.90,8.90,1200,7.79
2011-08-24,9.00,9.00,8.90,8.90,7200,7.79
2011-08-23,9.02,9.02,8.90,9.00,7500,7.80
2011-08-22,9.00,9.02,9.00,9.02,18500,7.82
2011-08-19,9.20,9.20,8.90,9.18,5400,7.96
2011-08-18,9.19,9.25,9.18,9.18,41000,7.96
2011-08-17,9.20,9.20,9.15,9.18,27100,7.96
2011-08-16,9.26,9.26,9.17,9.20,18500,7.98
2011-08-15,9.19,9.20,9.14,9.14,2000,7.92
2011-08-12,9.02,9.02,9.02,9.02,2600,7.82
2011-08-11,9.00,9.00,8.96,9.00,59200,7.80
2011-08-10,9.01,9.20,9.00,9.00,68400,7.80
2011-08-09,8.99,8.99,8.80,8.99,48200,7.79
2011-08-08,9.30,9.30,8.85,9.10,42800,7.89
2011-08-05,9.41,9.60,9.35,9.36,33700,8.11
2011-08-04,9.45,9.45,9.41,9.41,9100,8.16
2011-08-03,9.41,9.45,9.41,9.41,4800,8.16
2011-08-02,9.37,9.50,9.37,9.50,3300,8.24
2011-08-01,9.40,9.40,9.40,9.40,5000,8.15
2011-07-29,9.40,9.40,9.39,9.39,500,8.14
2011-07-28,9.44,9.44,9.39,9.40,24900,8.15
2011-07-26,9.44,9.50,9.38,9.38,69500,8.13
2011-07-25,9.44,9.44,9.44,9.44,1000,8.18
2011-07-22,9.45,9.45,9.45,9.45,3300,8.19
2011-07-21,9.50,9.50,9.40,9.45,5000,8.19
2011-07-19,9.50,9.50,9.50,9.50,2000,8.24
2011-07-18,9.38,9.38,9.35,9.35,33000,8.11
2011-07-15,9.40,9.40,9.36,9.36,10700,8.11
2011-07-14,9.35,9.40,9.35,9.40,8500,8.15
2011-07-13,9.47,9.48,9.45,9.45,10800,8.19
2011-07-12,9.45,9.45,9.45,9.45,1400,8.19
2011-07-11,9.50,9.50,9.44,9.48,11300,8.22
2011-07-08,9.50,9.52,9.50,9.52,3300,8.25
2011-07-07,9.53,9.55,9.50,9.55,54000,8.28
2011-07-06,9.53,9.53,9.52,9.53,5300,8.26
2011-07-05,9.51,9.53,9.50,9.53,30500,8.26
2011-07-04,9.50,9.52,9.49,9.52,17500,8.25
2011-07-01,9.52,9.52,9.49,9.50,4700,8.24
2011-06-30,9.46,9.51,9.46,9.50,79400,8.24
2011-06-29,9.44,9.49,9.44,9.48,11200,8.22
2011-06-28,9.45,9.47,9.44,9.47,17000,8.21
2011-06-27,9.33,9.42,9.33,9.42,20100,8.17
2011-06-24,9.31,9.39,9.31,9.39,20000,8.14
2011-06-23,9.30,9.33,9.30,9.31,5000,8.07
2011-06-22,9.25,9.35,9.25,9.30,12000,8.06
2011-06-21,9.30,9.50,9.30,9.40,3800,8.15
2011-06-20,9.55,9.55,9.55,9.55,300,8.28
2011-06-17,9.52,9.58,9.50,9.52,7100,8.25
2011-06-16,9.50,9.55,9.50,9.54,8000,8.27
2011-06-15,9.64,9.64,9.50,9.52,5300,8.25
2011-06-14,9.70,9.70,9.50,9.60,7300,8.32
2011-06-13,9.65,9.65,9.50,9.50,6400,8.24
2011-06-08,9.60,9.72,9.60,9.72,1000,8.43
2011-06-07,9.60,9.74,9.58,9.74,3600,8.44
2011-06-06,9.75,9.75,9.74,9.75,1500,8.45
2011-06-03,9.75,9.75,9.75,9.75,100,8.45
2011-06-02,9.73,9.75,9.72,9.75,3400,8.45
2011-06-01,9.74,9.74,9.73,9.73,4100,8.44
2011-05-31,9.74,9.74,9.50,9.74,1600,8.44
2011-05-30,9.75,9.75,9.75,9.75,200,8.45
2011-05-27,9.72,9.75,9.35,9.75,4600,8.45
2011-05-26,9.74,9.75,9.70,9.75,33600,8.45
2011-05-25,9.65,9.70,9.65,9.70,3900,8.41
2011-05-24,9.62,9.70,9.62,9.70,11200,8.33
2011-05-23,9.72,9.72,9.62,9.62,7100,8.26
2011-05-20,9.84,9.84,9.72,9.80,5500,8.42
2011-05-19,9.70,9.82,9.70,9.80,3200,8.42
2011-05-18,9.78,9.80,9.78,9.78,1200,8.40
2011-05-16,9.76,9.76,9.76,9.76,3300,8.38
2011-05-13,9.76,9.76,9.70,9.76,9500,8.38
2011-05-12,9.74,9.82,9.74,9.76,19600,8.38
2011-05-11,9.54,9.73,9.54,9.73,29200,8.36
2011-05-10,9.45,9.54,9.45,9.48,48500,8.14
2011-05-09,9.28,9.40,9.28,9.40,6800,8.07
2011-05-06,9.28,9.28,9.22,9.28,15400,7.97
2011-05-05,9.22,9.28,9.22,9.28,12200,7.97
2011-05-04,9.24,9.30,9.22,9.28,11000,7.97
2011-05-03,9.23,9.24,9.23,9.24,13300,7.94
2011-04-29,9.15,9.23,9.15,9.21,33000,7.91
2011-04-28,9.15,9.15,9.10,9.15,30600,7.86
2011-04-27,9.00,9.06,9.00,9.06,19000,7.78
2011-04-26,9.10,9.10,9.00,9.01,11400,7.74
2011-04-25,9.00,9.01,9.00,9.00,3800,7.73
2011-04-22,9.00,9.00,9.00,9.00,4500,7.73
2011-04-21,9.05,9.05,9.00,9.00,9000,7.73
2011-04-20,9.05,9.06,9.04,9.04,5400,7.76
2011-04-19,9.04,9.06,9.01,9.05,9800,7.77
2011-04-18,9.02,9.09,9.02,9.06,4300,7.78
2011-04-15,9.06,9.06,8.90,9.00,5500,7.73
2011-04-14,9.09,9.09,9.05,9.06,2800,7.78
2011-04-13,8.90,9.00,8.90,9.00,5400,7.73
2011-04-12,8.92,8.95,8.90,8.95,7400,7.69
2011-04-11,8.90,9.00,8.90,8.99,8600,7.72
2011-04-08,8.90,8.90,8.85,8.90,10600,7.64
2011-04-07,8.85,8.90,8.85,8.90,19800,7.64
2011-04-06,8.80,8.90,8.80,8.90,8200,7.64
2011-04-05,8.80,8.80,8.80,8.80,7300,7.56
2011-04-04,8.78,8.80,8.78,8.80,4000,7.56
2011-04-01,8.80,8.80,8.80,8.80,2600,7.56
2011-03-31,8.80,8.90,8.80,8.80,10500,7.56
2011-03-30,8.80,8.90,8.80,8.88,15900,7.63
2011-03-29,8.80,8.80,8.80,8.80,700,7.56
2011-03-25,8.70,8.75,8.65,8.70,24300,7.47
2011-03-24,8.68,8.68,8.50,8.68,3300,7.46
2011-03-23,8.55,8.65,8.55,8.64,14500,7.42
2011-03-22,8.50,8.55,8.50,8.55,28300,7.34
2011-03-21,8.60,8.60,8.50,8.50,32000,7.30
2011-03-18,8.50,8.50,8.50,8.50,15500,7.30
2011-03-17,8.50,8.50,8.50,8.50,5900,7.30
2011-03-16,8.50,8.50,8.48,8.50,7100,7.30
2011-03-15,8.40,8.48,8.36,8.48,2700,7.28
2011-03-14,8.50,8.50,8.49,8.49,2500,7.29
2011-03-11,8.44,8.45,8.44,8.45,3000,7.26
2011-03-10,8.44,8.44,8.44,8.44,10000,7.25
2011-03-09,8.42,8.44,8.40,8.44,3200,7.25
2011-03-08,8.42,8.42,8.42,8.42,2600,7.23
2011-03-07,8.46,8.46,8.41,8.42,3500,7.23
2011-03-04,8.42,8.50,8.42,8.43,9500,7.24
2011-03-02,8.48,8.58,8.48,8.49,6400,7.21
2011-03-01,8.40,8.45,8.40,8.44,3800,7.17
2011-02-28,8.40,8.40,8.40,8.40,3700,7.14
2011-02-25,8.40,8.50,8.40,8.40,6000,7.14
2011-02-24,8.38,8.40,8.35,8.36,9600,7.10
2011-02-23,8.35,8.38,8.35,8.38,15900,7.12
2011-02-22,8.35,8.39,8.35,8.35,51200,7.10
2011-02-21,8.34,8.40,8.32,8.35,22000,7.10
2011-02-18,8.40,8.40,8.33,8.34,12800,7.09
2011-02-17,8.40,8.40,8.30,8.30,22700,7.05
2011-02-16,8.30,8.35,8.30,8.30,14200,7.05
2011-02-14,8.30,8.30,8.30,8.30,700,7.05
2011-02-11,8.32,8.32,8.30,8.30,1300,7.05
2011-02-10,8.33,8.33,8.33,8.33,1200,7.08
2011-02-09,8.30,8.30,8.25,8.30,5600,7.05
2011-02-08,8.40,8.40,8.25,8.25,5300,7.01
2011-02-07,8.32,8.32,8.32,8.32,5000,7.07
2011-02-02,8.32,8.32,8.32,8.32,1000,7.07
2011-01-28,8.32,8.32,8.18,8.21,2300,6.98
2011-01-27,8.16,8.33,8.16,8.33,1000,7.08
2011-01-26,8.27,8.27,8.27,8.27,2400,7.03
2011-01-24,8.30,8.30,8.20,8.29,72600,7.04
2011-01-21,8.33,8.33,8.25,8.30,26200,7.05
2011-01-19,8.33,8.33,8.33,8.33,2000,7.08
2011-01-17,8.33,8.33,8.33,8.33,1000,7.08
2011-01-14,8.24,8.25,8.24,8.25,17600,7.01
2011-01-13,8.22,8.22,8.22,8.22,2200,6.99
2011-01-12,8.22,8.24,8.21,8.21,8200,6.98
2011-01-11,8.22,8.24,8.22,8.22,6200,6.99
2011-01-10,8.26,8.28,8.26,8.28,2700,7.04
2011-01-07,8.18,8.30,8.18,8.30,42500,7.05
2011-01-06,8.22,8.22,8.22,8.22,1000,6.99
2011-01-05,8.30,8.30,8.28,8.28,41800,7.04
2011-01-04,8.30,8.35,8.30,8.35,5300,7.10
2011-01-03,8.21,8.30,8.21,8.25,37100,7.01
2010-12-30,8.36,8.36,8.20,8.30,32000,7.05
2010-12-29,8.26,8.30,8.18,8.30,18200,7.05
2010-12-28,8.30,8.30,8.15,8.26,1200,7.02
2010-12-27,8.26,8.26,8.11,8.11,38100,6.89
2010-12-24,8.20,8.20,8.12,8.12,1000,6.90
2010-12-23,8.12,8.13,8.10,8.10,27000,6.88
2010-12-22,8.20,8.20,8.12,8.12,10500,6.90
2010-12-21,8.18,8.20,8.18,8.20,3000,6.97
2010-12-20,8.20,8.20,8.16,8.18,4800,6.95
2010-12-17,8.20,8.20,8.18,8.20,6000,6.97
2010-12-16,8.20,8.22,8.18,8.18,15400,6.95
2010-12-15,8.22,8.28,8.22,8.28,2100,7.04
2010-12-14,8.30,8.30,8.26,8.26,13300,7.02
2010-12-13,9.00,9.00,8.14,8.35,8700,7.10
2010-12-10,8.12,8.12,8.12,8.12,8000,6.90
2010-12-09,8.13,8.13,8.12,8.12,4000,6.90
2010-12-08,8.18,8.18,8.10,8.15,25000,6.93
2010-12-07,8.18,8.18,8.18,8.18,000,6.95
2010-12-06,8.20,8.20,8.18,8.18,4000,6.95
2010-12-03,8.21,8.24,8.18,8.18,9700,6.95
2010-12-02,8.15,8.18,8.15,8.18,3400,6.95
2010-12-01,8.10,8.15,8.08,8.15,1100,6.93
2010-11-30,8.10,8.10,8.04,8.10,30800,6.88
2010-11-29,8.44,8.44,8.05,8.05,18700,6.84
2010-11-26,8.51,8.56,8.51,8.54,50800,7.18
2010-11-25,8.58,8.60,8.51,8.51,55400,7.16
2010-11-24,8.59,8.60,8.50,8.53,33000,7.17
2010-11-23,8.52,8.60,8.50,8.52,43200,7.16
2010-11-22,8.62,8.64,8.50,8.52,73800,7.16
2010-11-19,8.53,8.53,8.47,8.48,102700,7.13
2010-11-18,8.51,8.55,8.51,8.53,13700,7.17
2010-11-17,8.45,8.45,8.45,8.45,000,7.11
2010-11-16,8.24,8.55,8.24,8.45,80700,7.11
2010-11-15,8.24,8.24,8.24,8.24,3500,6.93
2010-11-12,8.12,8.24,8.10,8.24,4000,6.93
2010-11-11,8.13,8.17,8.13,8.17,4500,6.87
2010-11-10,8.15,8.15,8.03,8.15,33800,6.85
2010-11-09,8.10,8.15,8.10,8.10,39600,6.81
2010-11-08,8.14,8.14,8.04,8.10,5400,6.81
2010-11-05,8.04,8.04,8.04,8.04,000,6.76
2010-11-04,8.04,8.04,8.03,8.04,19100,6.76
2010-11-03,8.05,8.05,8.05,8.05,2000,6.77
2010-11-02,8.00,8.05,7.99,8.03,29400,6.75
2010-11-01,8.05,8.10,8.00,8.00,45800,6.73
2010-10-29,8.11,8.11,8.03,8.07,3200,6.79
2010-10-28,8.11,8.11,8.03,8.03,6900,6.75
2010-10-27,8.10,8.13,8.10,8.11,4500,6.82
2010-10-26,8.10,8.10,8.09,8.09,12000,6.80
2010-10-25,8.11,8.12,8.11,8.12,6000,6.83
2010-10-22,8.10,8.11,8.10,8.11,18200,6.82
2010-10-21,8.15,8.15,8.12,8.15,4700,6.85
2010-10-20,8.10,8.14,8.10,8.14,4500,6.84
2010-10-19,8.09,8.15,8.05,8.15,14200,6.85
2010-10-18,8.15,8.15,8.10,8.10,3000,6.81
2010-10-15,8.10,8.16,8.08,8.09,20500,6.80
2010-10-14,8.05,8.10,8.05,8.09,4000,6.80
2010-10-13,8.05,8.10,8.05,8.10,10700,6.81
2010-10-12,8.05,8.05,8.05,8.05,5000,6.77
2010-10-11,7.95,8.08,7.90,8.05,5500,6.77
2010-10-08,8.00,8.00,7.92,7.92,4700,6.66
2010-10-07,7.90,7.95,7.90,7.95,30500,6.68
2010-10-06,7.99,8.00,7.90,7.90,34100,6.64
2010-10-05,7.98,7.98,7.90,7.90,119000,6.64
2010-10-04,7.99,7.99,7.96,7.96,3300,6.69
2010-10-01,7.95,7.99,7.95,7.99,8700,6.72
2010-09-30,7.99,7.99,7.95,7.95,2100,6.68
2010-09-29,7.90,7.99,7.90,7.99,7500,6.72
2010-09-28,7.90,7.90,7.90,7.90,38900,6.64
2010-09-27,7.90,7.90,7.90,7.90,5300,6.64
2010-09-24,7.95,7.95,7.90,7.90,33900,6.64
2010-09-23,7.96,7.96,7.96,7.96,1600,6.69
2010-09-22,7.97,7.99,7.97,7.99,116400,6.72
2010-09-21,8.00,8.00,7.97,7.99,191400,6.72
2010-09-20,8.02,8.03,7.99,7.99,60600,6.72
2010-09-17,8.18,8.18,8.01,8.01,20000,6.74
2010-09-16,8.00,8.00,8.00,8.00,000,6.73
2010-09-15,8.03,8.03,8.00,8.00,20400,6.73
2010-09-14,8.00,8.02,7.99,7.99,18100,6.72
2010-09-13,8.02,8.08,8.00,8.00,6000,6.73
2010-09-10,8.00,8.00,8.00,8.00,000,6.73
2010-09-09,8.00,8.00,8.00,8.00,000,6.73
2010-09-08,7.95,8.00,7.95,8.00,5400,6.73
2010-09-07,7.95,8.00,7.95,8.00,4100,6.73
2010-09-06,7.95,8.00,7.92,8.00,10100,6.73
2010-09-03,8.00,8.00,8.00,8.00,2500,6.73
2010-09-02,7.95,8.00,7.95,8.00,2200,6.73
2010-09-01,8.00,8.00,7.90,7.95,3300,6.68
2010-08-31,8.00,8.00,8.00,8.00,000,6.73
2010-08-30,8.00,8.00,8.00,8.00,1900,6.73
2010-08-27,8.00,8.00,7.95,8.00,11600,6.73
2010-08-26,8.10,8.10,8.10,8.10,200,6.81
2010-08-25,8.08,8.08,7.90,7.90,000,6.64
2010-08-24,7.95,7.96,7.95,7.95,6500,6.68
2010-08-23,7.95,7.96,7.95,7.95,5100,6.68
2010-08-20,7.92,8.00,7.92,7.95,7500,6.68
2010-08-19,8.00,8.00,7.91,7.91,8500,6.65
2010-08-18,8.01,8.01,8.00,8.00,63100,6.65
2010-08-17,8.00,8.00,7.99,8.00,132800,6.65
2010-08-16,8.02,8.04,8.00,8.00,68600,6.65
2010-08-13,8.01,8.03,8.00,8.00,6300,6.65
2010-08-12,8.00,8.00,8.00,8.00,30100,6.65
2010-08-11,8.00,8.00,8.00,8.00,32800,6.65
2010-08-10,8.15,8.15,7.99,8.00,49400,6.65
2010-08-09,8.15,8.15,8.12,8.12,25500,6.75
2010-08-06,8.10,8.18,8.10,8.12,27000,6.75
2010-08-05,7.95,8.00,7.90,8.00,4200,6.65
2010-08-04,7.90,7.90,7.90,7.90,5000,6.57
2010-08-03,8.00,8.02,7.89,8.00,113500,6.65
2010-08-02,8.12,8.12,8.00,8.00,20200,6.65
2010-07-30,8.00,8.10,8.00,8.09,2400,6.73
2010-07-29,8.05,8.05,8.00,8.00,10100,6.65
2010-07-28,8.06,8.06,8.06,8.06,1000,6.70
2010-07-27,8.00,8.00,7.96,8.00,4000,6.65
2010-07-26,8.00,8.05,7.99,8.00,20700,6.65
2010-07-23,8.00,8.02,8.00,8.00,5800,6.65
2010-07-22,8.02,8.02,7.80,7.80,10000,6.48
2010-07-21,8.00,8.00,8.00,8.00,10100,6.65
2010-07-20,8.02,8.02,8.00,8.00,55300,6.65
2010-07-19,8.02,8.02,8.02,8.02,1000,6.67
2010-07-16,8.00,8.00,8.00,8.00,4000,6.65
2010-07-15,7.99,7.99,7.93,7.93,12000,6.59
2010-07-14,8.00,8.00,8.00,8.00,7100,6.65
2010-07-13,8.07,8.07,7.90,8.00,15000,6.65
2010-07-12,8.05,8.07,8.05,8.07,7000,6.71
2010-07-09,7.90,8.04,7.90,8.04,2000,6.68
2010-07-08,7.90,7.90,7.89,7.90,14700,6.57
2010-07-07,7.89,7.90,7.89,7.90,11100,6.57
2010-07-06,7.90,7.90,7.90,7.90,1000,6.57
2010-07-05,7.90,7.90,7.88,7.90,42400,6.57
2010-07-02,8.08,8.10,7.90,7.90,9600,6.57
2010-07-01,8.05,8.08,8.04,8.08,17800,6.72
2010-06-30,7.80,8.00,7.80,7.95,36000,6.61
2010-06-29,7.73,7.86,7.73,7.84,38500,6.52
2010-06-28,7.72,7.73,7.70,7.72,25400,6.42
2010-06-25,7.68,7.70,7.68,7.68,8100,6.38
2010-06-24,7.70,7.70,7.67,7.67,6000,6.38
2010-06-23,7.65,7.66,7.65,7.66,5000,6.37
2010-06-22,7.88,7.88,7.65,7.65,7600,6.36
2010-06-21,7.78,7.78,7.60,7.65,6200,6.36
2010-06-18,7.65,7.67,7.65,7.67,4000,6.38
2010-06-17,7.60,7.65,7.60,7.65,5800,6.36
2010-06-16,7.50,7.55,7.50,7.55,3000,6.28
2010-06-15,7.55,7.55,7.55,7.55,2000,6.28
2010-06-14,7.50,7.50,7.50,7.50,1000,6.24
2010-06-11,7.55,7.55,7.50,7.50,4000,6.24
2010-06-10,7.55,7.55,7.42,7.42,000,6.17
2010-06-09,7.42,7.55,7.40,7.55,3000,6.28
2010-06-08,7.50,7.50,7.50,7.50,1000,6.24
2010-06-07,7.64,7.64,7.42,7.42,000,6.17
2010-06-04,7.50,7.50,7.40,7.40,000,6.15
2010-06-03,7.38,7.56,7.38,7.56,12700,6.29
2010-06-02,7.50,7.50,7.42,7.42,000,6.17
2010-06-01,7.46,7.55,7.45,7.55,13800,6.20
2010-05-31,7.50,7.50,7.45,7.45,3700,6.12
2010-05-28,7.50,7.50,7.50,7.50,000,6.16
2010-05-27,7.50,7.50,7.50,7.50,2200,6.16
2010-05-26,7.45,7.46,7.40,7.40,8100,6.08
2010-05-25,7.45,7.45,7.45,7.45,11000,6.12
2010-05-24,7.68,7.68,7.43,7.43,3000,6.10
2010-05-21,7.42,7.42,7.42,7.42,8700,6.10
2010-05-20,7.45,7.45,7.44,7.45,66200,6.12
2010-05-19,7.45,7.45,7.35,7.35,000,6.04
2010-05-18,7.50,7.50,7.40,7.45,26600,6.12
2010-05-17,7.45,7.45,7.31,7.31,000,6.00
2010-05-14,7.36,7.50,7.36,7.50,4000,6.16
2010-05-13,7.45,7.50,7.45,7.50,12600,6.16
2010-05-12,7.45,7.45,7.45,7.45,22000,6.12
2010-05-11,7.45,7.45,7.45,7.45,22000,6.12
2010-05-10,7.40,7.45,7.40,7.45,5000,6.12
2010-05-07,7.40,7.40,7.35,7.40,7000,6.08
2010-05-06,7.45,7.45,7.40,7.40,3600,6.08
2010-05-05,7.45,7.46,7.35,7.45,25700,6.12
2010-05-04,7.45,7.49,7.43,7.43,19800,6.10
2010-05-03,7.45,7.45,7.45,7.45,18000,6.12
2010-04-30,7.45,7.45,7.45,7.45,9200,6.12
2010-04-29,7.45,7.45,7.45,7.45,3000,6.12
2010-04-28,7.45,7.45,7.45,7.45,1000,6.12
2010-04-27,7.35,7.45,7.35,7.45,45100,6.12
2010-04-26,7.40,7.40,7.39,7.39,7500,6.07
2010-04-23,7.35,7.40,7.35,7.40,3000,6.08
2010-04-22,7.35,7.36,7.35,7.35,3500,6.04
2010-04-21,7.40,7.40,7.31,7.31,000,6.00
2010-04-20,7.32,7.35,7.30,7.35,3000,6.04
2010-04-19,7.30,7.35,7.30,7.35,3200,6.04
2010-04-16,7.35,7.35,7.30,7.35,21000,6.04
2010-04-15,7.35,7.35,7.35,7.35,12000,6.04
2010-04-14,7.30,7.36,7.30,7.35,51300,6.04
2010-04-13,7.35,7.35,7.29,7.29,16200,5.99
2010-04-12,7.35,7.35,7.30,7.35,10500,6.04
2010-04-09,7.40,7.40,7.36,7.40,9000,6.08
2010-04-08,7.36,7.40,7.36,7.40,9000,6.08
2010-04-07,7.40,7.40,7.40,7.40,13600,6.08
2010-04-06,7.40,7.40,7.39,7.40,4000,6.08
2010-04-05,7.40,7.40,7.40,7.40,700,6.08
2010-04-02,7.40,7.40,7.40,7.40,1000,6.08
2010-04-01,7.35,7.36,7.33,7.36,10100,6.05
2010-03-31,7.32,7.32,7.32,7.32,3000,6.01
2010-03-30,7.35,7.35,7.30,7.30,13000,6.00
2010-03-29,7.30,7.32,7.30,7.32,10000,6.01
2010-03-26,7.34,7.34,7.30,7.30,6000,6.00
2010-03-25,7.34,7.34,7.34,7.34,1000,6.03
2010-03-24,7.40,7.40,7.33,7.39,7900,6.07
2010-03-23,7.36,7.40,7.36,7.40,16000,6.08
2010-03-22,7.35,7.36,7.35,7.36,4000,6.05
2010-03-19,7.30,7.40,7.30,7.40,14000,6.08
2010-03-18,7.31,7.31,7.28,7.28,23000,5.98
2010-03-17,7.40,7.40,7.30,7.30,000,6.00
2010-03-16,7.35,7.35,7.30,7.30,000,6.00
2010-03-15,7.30,7.35,7.30,7.35,8000,6.04
2010-03-12,7.30,7.30,7.30,7.30,1000,6.00
2010-03-11,7.40,7.40,7.29,7.29,000,5.99
2010-03-10,7.27,7.30,7.27,7.30,4000,6.00
2010-03-09,7.30,7.32,7.30,7.32,26000,6.01
2010-03-08,7.30,7.31,7.30,7.30,77800,6.00
2010-03-05,7.30,7.32,7.29,7.30,47500,6.00
2010-03-04,7.32,7.32,7.30,7.30,6400,6.00
2010-03-03,7.32,7.32,7.30,7.30,15600,6.00
2010-03-02,7.36,7.36,7.30,7.30,11600,6.00
2010-03-01,7.38,7.38,7.36,7.36,5500,6.05
2010-02-26,7.38,7.38,7.38,7.38,000,6.06
2010-02-25,7.40,7.40,7.38,7.38,37000,6.06
2010-02-24,7.36,7.36,7.36,7.36,5000,6.05
2010-02-23,7.36,7.36,7.36,7.36,1000,6.05
2010-02-22,7.36,7.36,7.34,7.34,15700,6.03
2010-02-19,7.36,7.36,7.36,7.36,9300,6.05
2010-02-18,7.40,7.40,7.35,7.36,12800,6.05
2010-02-17,7.40,7.40,7.40,7.40,34000,6.08
2010-02-16,7.39,7.39,7.39,7.39,000,6.07
2010-02-15,7.39,7.39,7.39,7.39,000,6.07
2010-02-12,7.40,7.40,7.35,7.39,42200,6.07
2010-02-11,7.39,7.39,7.39,7.39,3000,6.07
2010-02-10,7.38,7.38,7.35,7.38,8800,6.06
2010-02-09,7.30,7.30,7.29,7.29,4000,5.99
2010-02-08,7.35,7.35,7.35,7.35,11000,6.04
2010-02-05,7.40,7.40,7.40,7.40,2300,6.08
2010-02-04,7.35,7.38,7.35,7.38,12300,6.06
2010-02-03,7.35,7.35,7.35,7.35,4000,6.04
2010-02-02,7.30,7.37,7.30,7.34,31500,6.03
2010-02-01,7.30,7.30,7.30,7.30,000,6.00
2010-01-29,7.30,7.30,7.30,7.30,4100,6.00
2010-01-28,7.33,7.33,7.30,7.30,000,6.00
2010-01-27,7.30,7.30,7.28,7.30,24000,6.00
2010-01-26,7.34,7.34,7.30,7.30,9000,6.00
2010-01-25,7.34,7.34,7.34,7.34,2000,6.03
2010-01-22,7.33,7.35,7.33,7.34,34800,6.03
2010-01-21,7.33,7.33,7.33,7.33,1500,6.02
2010-01-20,7.33,7.33,7.33,7.33,13000,6.02
2010-01-19,7.35,7.35,7.33,7.33,6200,6.02
2010-01-18,7.32,7.32,7.32,7.32,9000,6.01
2010-01-15,7.33,7.34,7.31,7.32,10200,6.01
2010-01-14,7.31,7.31,7.31,7.31,20500,6.00
2010-01-13,7.33,7.33,7.30,7.30,10000,6.00
2010-01-12,7.33,7.35,7.30,7.35,40900,6.04
2010-01-11,7.31,7.32,7.31,7.31,8800,6.00
2010-01-08,7.33,7.33,7.31,7.31,12800,6.00
2010-01-07,7.33,7.35,7.33,7.33,10800,6.02
2010-01-06,7.33,7.34,7.31,7.33,17200,6.02
2010-01-05,7.33,7.33,7.30,7.30,11800,6.00
2010-01-04,7.30,7.30,7.30,7.30,6000,6.00
2009-12-31,7.30,7.30,7.26,7.26,000,5.96
2009-12-30,7.35,7.35,7.23,7.23,000,5.94
2009-12-29,7.30,7.30,7.30,7.30,5000,6.00
2009-12-28,7.28,7.37,7.28,7.30,4000,6.00
2009-12-24,7.30,7.30,7.30,7.30,27000,6.00
2009-12-23,7.30,7.30,7.28,7.30,63000,6.00
2009-12-22,7.24,7.30,7.24,7.30,30900,6.00
2009-12-21,7.26,7.26,7.26,7.26,9600,5.96
2009-12-18,7.26,7.26,7.26,7.26,000,5.96
2009-12-17,7.24,7.27,7.24,7.26,21600,5.96
2009-12-16,7.24,7.24,7.22,7.23,40100,5.94
2009-12-15,7.26,7.26,7.24,7.24,145100,5.95
2009-12-14,7.24,7.30,7.24,7.26,12300,5.96
2009-12-11,7.25,7.31,7.25,7.30,93800,6.00
2009-12-10,7.28,7.30,7.25,7.25,21300,5.96
2009-12-09,7.30,7.30,7.30,7.30,172000,6.00
2009-12-08,7.30,7.30,7.30,7.30,13000,6.00
2009-12-07,7.25,7.30,7.25,7.30,4500,6.00
2009-12-04,7.26,7.31,7.22,7.31,33400,6.00
2009-12-03,7.26,7.29,7.26,7.26,20100,5.96
2009-12-02,7.24,7.30,7.24,7.30,17600,6.00
2009-12-01,7.30,7.30,7.19,7.24,35000,5.95
2009-11-30,7.42,7.42,7.39,7.40,50900,6.08
2009-11-27,7.39,7.39,7.39,7.39,000,6.07
2009-11-26,7.40,7.40,7.37,7.39,31200,6.07
2009-11-25,7.45,7.45,7.37,7.37,28900,6.05
2009-11-24,7.44,7.44,7.39,7.40,22000,6.08
2009-11-23,7.45,7.45,7.43,7.43,91400,6.10
2009-11-20,7.40,7.40,7.38,7.38,9600,6.06
2009-11-19,7.40,7.40,7.38,7.38,49200,6.06
2009-11-18,7.40,7.45,7.40,7.40,111700,6.08
2009-11-17,7.34,7.34,7.34,7.34,4000,6.03
2009-11-16,7.42,7.42,7.33,7.33,25700,6.02
2009-11-13,7.33,7.33,7.32,7.32,13000,6.01
2009-11-12,7.32,7.32,7.32,7.32,600,6.01
2009-11-11,7.32,7.33,7.32,7.33,6000,6.02
2009-11-10,7.45,7.45,7.32,7.32,000,6.01
2009-11-09,7.31,7.32,7.31,7.32,12000,6.01
2009-11-06,7.33,7.35,7.31,7.31,5200,6.00
2009-11-05,7.35,7.35,7.30,7.35,13000,6.04
2009-11-04,7.30,7.34,7.30,7.34,2000,6.03
2009-11-03,7.30,7.32,7.30,7.30,163000,6.00
2009-11-02,7.31,7.31,7.30,7.31,9000,6.00
2009-10-30,7.30,7.32,7.30,7.30,102600,6.00
2009-10-29,7.30,7.30,7.30,7.30,4500,6.00
2009-10-28,7.35,7.35,7.32,7.32,10000,6.01
2009-10-27,7.30,7.33,7.30,7.33,5000,6.02
2009-10-26,7.31,7.33,7.31,7.33,4000,6.02
2009-10-23,7.35,7.35,7.31,7.31,5700,6.00
2009-10-22,7.37,7.37,7.29,7.36,2300,6.05
2009-10-21,7.30,7.30,7.30,7.30,1060900,6.00
2009-10-20,7.30,7.33,7.28,7.30,80500,6.00
2009-10-19,7.40,7.40,7.29,7.29,27600,5.99
2009-10-16,7.33,7.40,7.26,7.35,32800,6.04
2009-10-15,7.37,7.38,7.36,7.36,29300,6.05
2009-10-14,7.39,7.39,7.36,7.36,000,6.05
2009-10-13,7.35,7.38,7.35,7.36,5400,6.05
2009-10-12,7.33,7.36,7.33,7.35,14000,6.04
2009-10-09,7.35,7.36,7.35,7.36,3000,6.05
2009-10-08,7.35,7.35,7.35,7.35,2000,6.04
2009-10-07,7.32,7.33,7.32,7.32,511500,6.01
2009-10-06,7.35,7.35,7.30,7.30,571500,6.00
2009-10-05,7.33,7.40,7.30,7.30,48300,6.00
2009-10-02,7.31,7.31,7.31,7.31,4600,6.00
2009-10-01,7.40,7.40,7.39,7.40,16100,6.08
2009-09-30,7.40,7.40,7.39,7.39,12000,6.07
2009-09-29,7.35,7.40,7.35,7.40,12000,6.08
2009-09-28,7.34,7.35,7.34,7.35,6000,6.04
2009-09-25,7.35,7.35,7.35,7.35,2000,6.04
2009-09-24,7.35,7.35,7.35,7.35,5000,6.04
2009-09-23,7.40,7.40,7.40,7.40,2000,6.08
2009-09-22,7.30,7.30,7.30,7.30,000,6.00
2009-09-21,7.30,7.30,7.30,7.30,000,6.00
2009-09-18,7.40,7.40,7.30,7.30,000,6.00
2009-09-17,7.40,7.40,7.40,7.40,3000,6.08
2009-09-16,7.40,7.40,7.40,7.40,1000,6.08
2009-09-15,7.40,7.40,7.25,7.31,5000,6.00
2009-09-14,7.43,7.43,7.43,7.43,000,6.10
2009-09-11,7.40,7.45,7.40,7.43,11500,6.10
2009-09-10,7.44,7.44,7.44,7.44,100,6.11
2009-09-09,7.44,7.44,7.44,7.44,400,6.11
2009-09-08,7.35,7.35,7.30,7.30,4300,6.00
2009-09-07,7.40,7.40,7.40,7.40,10900,6.08
2009-09-04,7.40,7.40,7.38,7.38,500,6.06
2009-09-03,7.40,7.40,7.40,7.40,3000,6.08
2009-09-02,7.45,7.45,7.39,7.39,000,6.07
2009-09-01,7.40,7.47,7.35,7.47,13800,6.14
2009-08-31,7.35,7.35,7.35,7.35,000,6.04
2009-08-28,7.30,7.35,7.30,7.35,9600,6.04
2009-08-27,7.30,7.30,7.22,7.22,000,5.93
2009-08-26,7.25,7.25,7.20,7.20,7000,5.91
2009-08-25,7.30,7.30,7.30,7.30,2600,6.00
2009-08-24,7.30,7.30,7.30,7.30,3000,6.00
2009-08-21,7.30,7.30,7.23,7.23,000,5.94
2009-08-20,7.30,7.30,7.20,7.20,000,5.91
2009-08-19,7.20,7.30,7.20,7.30,19000,6.00
2009-08-18,7.30,7.30,7.30,7.30,3100,6.00
2009-08-17,7.30,7.30,7.30,7.30,6300,6.00
2009-08-14,7.40,7.40,7.40,7.40,13000,6.08
2009-08-13,7.44,7.44,7.38,7.40,17000,6.08
2009-08-12,7.36,7.36,7.36,7.36,1000,6.05
2009-08-11,7.30,7.31,7.30,7.31,3000,6.00
2009-08-10,7.45,7.45,7.30,7.35,16000,6.04
2009-08-07,7.40,7.40,7.35,7.35,000,6.04
2009-08-06,7.33,7.33,7.33,7.33,1000,6.02
2009-08-05,7.31,7.31,7.30,7.30,15600,6.00
2009-08-04,7.30,7.35,7.30,7.35,2000,6.04
2009-08-03,7.35,7.35,7.30,7.30,9300,6.00
2009-07-31,7.30,7.30,7.25,7.30,11000,6.00
2009-07-30,7.30,7.30,7.30,7.30,6000,6.00
2009-07-29,7.35,7.35,7.30,7.30,10000,6.00
2009-07-28,7.30,7.30,7.30,7.30,6500,6.00
2009-07-27,7.30,7.30,7.30,7.30,2000,6.00
2009-07-24,7.35,7.35,7.25,7.25,000,5.96
2009-07-23,7.30,7.30,7.30,7.30,5000,6.00
2009-07-22,7.30,7.30,7.30,7.30,2400,6.00
2009-07-21,7.30,7.30,7.25,7.30,5600,6.00
2009-07-20,7.30,7.30,7.25,7.25,12600,5.96
2009-07-17,7.20,7.25,7.20,7.25,58400,5.96
2009-07-16,7.20,7.20,7.20,7.20,5700,5.91
2009-07-15,7.15,7.15,7.15,7.15,6500,5.87
2009-07-14,7.15,7.15,7.05,7.05,27600,5.79
2009-07-13,7.15,7.15,7.15,7.15,1000,5.87
2009-07-10,7.25,7.25,7.10,7.25,11000,5.96
2009-07-09,7.25,7.25,7.25,7.25,2000,5.96
2009-07-08,7.05,7.25,7.00,7.25,52300,5.96
2009-07-07,7.10,7.10,7.10,7.10,72100,5.83
2009-07-06,7.10,7.10,7.10,7.10,72100,5.83
2009-07-03,7.10,7.15,7.10,7.15,69000,5.87
2009-07-02,7.10,7.15,7.10,7.10,22600,5.83
2009-07-01,7.00,7.15,7.00,7.15,6900,5.87
2009-06-30,7.15,7.15,7.15,7.15,55400,5.87
2009-06-29,7.15,7.15,7.15,7.15,5000,5.87
2009-06-26,7.10,7.15,7.10,7.15,56400,5.87
2009-06-25,7.30,7.30,7.10,7.10,15600,5.83
2009-06-24,7.00,7.10,7.00,7.05,77400,5.79
2009-06-23,7.00,7.00,7.00,7.00,40100,5.75
2009-06-22,7.05,7.05,7.00,7.00,28800,5.75
2009-06-19,7.05,7.10,7.00,7.00,9300,5.75
2009-06-18,7.05,7.05,7.00,7.05,76400,5.79
2009-06-17,7.10,7.10,7.10,7.10,10600,5.83
2009-06-16,7.15,7.15,7.10,7.10,13100,5.83
2009-06-15,7.15,7.15,7.10,7.10,58300,5.83
2009-06-12,7.20,7.20,7.10,7.10,38500,5.83
2009-06-11,7.20,7.20,7.20,7.20,6200,5.91
2009-06-10,7.20,7.20,7.20,7.20,5900,5.91
2009-06-09,7.20,7.20,7.20,7.20,2600,5.91
2009-06-08,7.20,7.20,7.20,7.20,2000,5.91
2009-06-05,7.20,7.20,7.20,7.20,1000,5.91
2009-06-04,7.15,7.15,7.15,7.15,16300,5.87
2009-06-03,7.15,7.15,7.15,7.15,18300,5.87
2009-06-02,7.10,7.10,7.10,7.10,1500,5.83
2009-06-01,7.50,7.50,7.10,7.10,000,5.83
2009-05-29,7.20,7.30,7.10,7.10,12000,5.83
2009-05-28,7.25,7.25,7.20,7.20,000,5.91
2009-05-27,7.30,7.30,7.30,7.30,4000,6.00
2009-05-26,7.30,7.40,7.30,7.30,3700,6.00
2009-05-25,7.50,7.50,7.35,7.35,3600,6.04
2009-05-22,7.35,7.35,7.35,7.35,102000,6.04
2009-05-21,7.35,7.40,7.35,7.35,21400,6.04
2009-05-20,7.35,7.35,7.35,7.35,400000,6.04
2009-05-19,7.35,7.35,7.35,7.35,426000,6.04
2009-05-18,7.40,7.40,7.25,7.35,125000,6.04
2009-05-15,7.35,7.35,7.30,7.35,524100,6.04
2009-05-14,7.35,7.35,7.30,7.30,522000,6.00
2009-05-13,7.50,7.50,7.40,7.40,107100,6.08
2009-05-12,7.25,7.40,7.25,7.40,4000,6.08
2009-05-11,7.40,7.40,7.40,7.40,8000,6.08
2009-05-08,7.40,7.40,7.10,7.10,000,5.83
2009-05-07,7.40,7.40,7.40,7.40,8000,6.08
2009-05-06,7.40,7.45,7.40,7.40,477800,6.08
2009-05-05,7.40,7.40,7.40,7.40,3300,6.08
2009-05-04,7.40,7.40,7.40,7.40,13000,6.08
2009-05-01,7.50,7.50,7.50,7.50,000,6.16
2009-04-30,7.35,7.50,7.35,7.50,11000,6.16
2009-04-29,7.25,7.30,7.25,7.25,6300,5.96
2009-04-28,7.35,7.35,7.25,7.25,000,5.96
2009-04-27,7.30,7.35,7.30,7.35,9200,6.04
2009-04-24,7.40,7.40,7.40,7.40,300,6.08
2009-04-23,7.40,7.40,7.20,7.20,000,5.91
2009-04-22,7.50,7.50,7.30,7.30,9600,6.00
2009-04-21,7.50,7.50,7.40,7.40,6600,6.08
2009-04-20,7.40,7.50,7.20,7.40,14000,6.08
2009-04-17,7.20,7.30,7.20,7.30,11400,6.00
2009-04-16,7.15,7.15,7.15,7.15,16000,5.87
2009-04-15,7.20,7.20,7.10,7.10,000,5.83
2009-04-14,7.15,7.20,7.15,7.20,17200,5.91
2009-04-13,7.15,7.15,7.15,7.15,11000,5.87
2009-04-10,7.15,7.20,7.15,7.15,293000,5.87
2009-04-09,7.15,7.20,7.10,7.20,500,5.91
2009-04-08,7.00,7.15,7.00,7.15,500600,5.87
2009-04-07,7.20,7.20,7.20,7.20,400,5.91
2009-04-06,7.20,7.20,7.10,7.10,000,5.83
2009-04-03,7.15,7.20,7.15,7.20,47800,5.91
2009-04-02,7.15,7.15,7.15,7.15,200,5.87
2009-04-01,7.15,7.20,7.10,7.20,72500,5.91
2009-03-31,7.10,7.15,7.10,7.15,305000,5.87
2009-03-30,7.10,7.10,7.05,7.10,184300,5.83
2009-03-27,7.10,7.10,7.05,7.10,223400,5.83
2009-03-26,7.10,7.15,7.10,7.10,12100,5.83
2009-03-25,7.10,7.10,7.05,7.10,303600,5.83
2009-03-24,7.00,7.00,6.95,6.95,2600,5.71
2009-03-23,7.05,7.10,7.05,7.10,3000,5.83
2009-03-20,7.00,7.05,7.00,7.05,26000,5.79
2009-03-19,7.00,7.00,6.95,6.95,3000,5.71
2009-03-18,6.90,7.00,6.90,7.00,24700,5.75
2009-03-17,6.90,6.90,6.90,6.90,300,5.67
2009-03-16,6.90,6.90,6.90,6.90,31000,5.67
2009-03-13,6.80,6.90,6.80,6.90,5000,5.67
2009-03-12,6.85,6.85,6.80,6.85,90500,5.63
2009-03-11,6.90,6.90,6.85,6.85,102000,5.63
2009-03-10,6.90,6.90,6.85,6.90,125000,5.67
2009-03-09,7.00,7.00,7.00,7.00,000,5.75
2009-03-06,7.00,7.00,7.00,7.00,5000,5.75
2009-03-05,7.00,7.05,7.00,7.00,319400,5.75
2009-03-04,7.05,7.05,7.00,7.00,6200,5.75
2009-03-03,7.00,7.05,7.00,7.05,6000,5.79
2009-03-02,7.05,7.05,7.05,7.05,1400,5.79
2009-02-27,7.05,7.05,7.00,7.05,6500,5.79
2009-02-26,7.05,7.05,7.05,7.05,202000,5.79
2009-02-25,7.00,7.00,7.00,7.00,2700,5.75
2009-02-24,7.00,7.00,7.00,7.00,2000,5.75
2009-02-23,6.95,7.10,6.95,7.10,5500,5.83
2009-02-20,7.05,7.10,7.05,7.10,15000,5.83
2009-02-19,7.10,7.10,7.00,7.05,19900,5.79
2009-02-18,7.10,7.10,7.10,7.10,2100,5.83
2009-02-17,7.10,7.10,7.10,7.10,3100,5.83
2009-02-16,7.10,7.30,7.05,7.05,39900,5.79
2009-02-13,7.05,7.10,7.05,7.10,26800,5.83
2009-02-12,7.05,7.05,7.00,7.05,6200,5.79
2009-02-11,7.00,7.00,6.95,7.00,5500,5.75
2009-02-10,7.05,7.05,7.00,7.05,3500,5.79
2009-02-09,7.00,7.00,7.00,7.00,000,5.75
2009-02-06,6.85,7.00,6.85,7.00,7100,5.75
2009-02-05,7.00,7.00,7.00,7.00,100,5.75
2009-02-04,7.00,7.00,7.00,7.00,100000,5.75
2009-02-03,7.00,7.00,7.00,7.00,4000,5.75
2009-02-02,7.00,7.00,7.00,7.00,000,5.75
2009-01-30,7.00,7.00,7.00,7.00,101000,5.75
2009-01-29,7.00,7.05,7.00,7.00,15700,5.75
2009-01-28,7.00,7.00,7.00,7.00,104000,5.75
2009-01-27,6.75,6.75,6.75,6.75,000,5.54
2009-01-26,6.75,6.75,6.75,6.75,000,5.54
2009-01-23,6.75,6.75,6.75,6.75,1000,5.54
2009-01-22,7.00,7.00,6.80,6.80,000,5.59
2009-01-21,6.90,6.90,6.75,6.90,7100,5.67
2009-01-20,6.90,6.90,6.90,6.90,60400,5.67
2009-01-19,6.90,6.90,6.90,6.90,2000,5.67
2009-01-16,6.80,6.80,6.80,6.80,10000,5.59
2009-01-15,6.80,6.85,6.80,6.85,141000,5.63
2009-01-14,6.75,6.75,6.75,6.75,400,5.54
2009-01-13,6.85,6.90,6.80,6.90,104000,5.67
2009-01-12,6.90,6.90,6.85,6.85,3000,5.63
2009-01-09,6.90,6.90,6.75,6.75,2000,5.54
2009-01-08,6.90,6.90,6.70,6.70,000,5.50
2009-01-07,6.90,6.90,6.90,6.90,8000,5.67
2009-01-06,6.90,6.90,6.90,6.90,20000,5.67
2009-01-05,6.90,6.95,6.90,6.90,42900,5.67
2009-01-02,6.90,6.90,6.90,6.90,65300,5.67
2009-01-01,6.90,6.90,6.90,6.90,000,5.67
2008-12-31,6.95,6.95,6.70,6.90,29200,5.67
2008-12-30,6.90,6.90,6.90,6.90,16300,5.67
2008-12-29,6.95,6.95,6.95,6.95,000,5.71
2008-12-26,6.90,6.95,6.90,6.95,11200,5.71
2008-12-25,6.90,6.90,6.90,6.90,000,5.67
2008-12-24,6.95,6.95,6.90,6.90,13000,5.67
2008-12-23,6.95,6.95,6.70,6.70,000,5.50
2008-12-22,6.90,7.00,6.90,6.95,26100,5.71
2008-12-19,6.90,6.90,6.90,6.90,4000,5.67
2008-12-18,6.60,6.85,6.60,6.85,151000,5.63
2008-12-17,6.90,6.90,6.85,6.90,23600,5.67
2008-12-16,6.90,6.90,6.85,6.90,158400,5.67
2008-12-15,6.90,6.90,6.90,6.90,3500,5.67
2008-12-12,6.85,6.85,6.85,6.85,27600,5.63
2008-12-11,6.85,6.85,6.70,6.70,000,5.50
2008-12-10,6.70,6.90,6.70,6.85,141800,5.63
2008-12-09,6.80,6.85,6.80,6.85,20500,5.63
2008-12-08,6.85,6.85,6.85,6.85,000,5.63
2008-12-05,6.80,6.90,6.80,6.85,158000,5.63
2008-12-04,6.75,6.85,6.75,6.80,29600,5.59
2008-12-03,6.80,6.80,6.75,6.75,28000,5.54
2008-12-02,6.80,6.80,6.70,6.75,43900,5.54
2008-12-01,6.70,6.80,6.70,6.80,3900,5.59
2008-11-28,6.60,6.70,6.60,6.70,2100,5.50
2008-11-27,6.75,6.75,6.70,6.75,10500,5.54
2008-11-26,6.70,6.75,6.70,6.75,17300,5.54
2008-11-25,6.60,6.70,6.60,6.70,4100,5.50
2008-11-24,6.60,6.65,6.60,6.65,3000,5.46
2008-11-21,6.85,6.90,6.80,6.90,24900,5.67
2008-11-20,6.90,6.90,6.80,6.90,14100,5.67
2008-11-19,6.80,6.90,6.80,6.90,9000,5.67
2008-11-18,6.80,6.80,6.80,6.80,8500,5.59
2008-11-17,6.70,6.70,6.65,6.70,5300,5.50
2008-11-14,6.80,6.80,6.70,6.70,10500,5.50
2008-11-13,6.85,6.90,6.80,6.90,3600,5.67
2008-11-12,6.90,6.90,6.75,6.90,10400,5.67
2008-11-11,6.80,6.80,6.75,6.80,10100,5.59
2008-11-10,6.60,6.60,6.60,6.60,400,5.42
2008-11-07,6.60,6.70,6.60,6.70,8000,5.50
2008-11-06,6.65,6.65,6.50,6.50,000,5.34
2008-11-05,6.70,6.70,6.60,6.70,6000,5.50
2008-11-04,6.60,6.60,6.60,6.60,17000,5.42
2008-11-03,6.50,6.60,6.50,6.60,18000,5.42
2008-10-31,6.50,6.50,6.50,6.50,2000,5.34
2008-10-30,6.30,6.45,6.30,6.45,24700,5.30
2008-10-29,6.20,6.20,6.20,6.20,60000,5.09
2008-10-28,6.20,6.20,6.10,6.15,29400,5.05
2008-10-27,6.30,6.30,6.30,6.30,000,5.18
2008-10-24,6.30,6.30,6.25,6.30,41300,5.18
2008-10-23,6.40,6.40,6.40,6.40,11700,5.26
2008-10-22,6.40,6.40,6.40,6.40,11000,5.26
2008-10-21,6.45,6.45,6.40,6.40,1800,5.26
2008-10-20,6.50,6.50,6.40,6.40,3200,5.26
2008-10-17,6.45,6.65,6.30,6.65,11500,5.46
2008-10-16,6.35,6.45,6.30,6.45,36200,5.30
2008-10-15,6.50,6.70,6.50,6.50,24200,5.34
2008-10-14,6.40,6.50,6.40,6.50,18100,5.34
2008-10-13,6.35,6.50,6.30,6.35,22600,5.22
2008-10-10,6.40,6.50,6.40,6.50,128700,5.34
2008-10-09,6.55,6.55,6.45,6.45,11200,5.30
2008-10-08,6.75,6.75,6.50,6.55,184700,5.38
2008-10-07,6.75,6.80,6.75,6.80,8100,5.59
2008-10-06,6.80,6.80,6.80,6.80,6000,5.59
2008-10-03,6.75,6.80,6.75,6.80,3000,5.59
2008-10-02,6.75,6.75,6.75,6.75,000,5.54
2008-10-01,6.75,6.75,6.75,6.75,000,5.54
2008-09-30,6.70,6.80,6.70,6.75,15600,5.54
2008-09-29,6.80,6.80,6.80,6.80,5000,5.59
2008-09-26,6.90,6.90,6.80,6.80,000,5.59
2008-09-25,6.90,6.90,6.90,6.90,2000,5.67
2008-09-24,6.85,6.90,6.85,6.90,16400,5.67
2008-09-23,6.85,6.85,6.80,6.85,17000,5.63
2008-09-22,6.85,6.90,6.85,6.90,2000,5.67
2008-09-19,6.75,6.75,6.75,6.75,3000,5.54
2008-09-18,6.70,6.80,6.70,6.75,183200,5.54
2008-09-17,6.70,6.80,6.70,6.80,6000,5.59
2008-09-16,6.80,6.80,6.70,6.70,3700,5.50
2008-09-15,6.80,6.85,6.80,6.85,70000,5.63
2008-09-12,6.85,6.85,6.75,6.75,000,5.54
2008-09-11,6.85,6.85,6.85,6.85,5000,5.63
2008-09-10,6.80,6.85,6.80,6.85,81400,5.63
2008-09-09,6.80,6.80,6.80,6.80,4000,5.59
2008-09-08,6.80,6.90,6.80,6.90,5000,5.67
2008-09-05,6.85,6.85,6.70,6.70,000,5.50
2008-09-04,6.80,6.80,6.80,6.80,5000,5.59
2008-09-03,6.85,6.85,6.85,6.85,31500,5.63
2008-09-02,6.85,6.85,6.85,6.85,800,5.63
2008-09-01,6.85,6.85,6.85,6.85,000,5.63
2008-08-29,6.85,6.85,6.85,6.85,21300,5.63
2008-08-28,6.85,6.85,6.75,6.75,000,5.54
2008-08-27,6.85,6.85,6.85,6.85,3200,5.63
2008-08-26,6.85,6.85,6.70,6.70,000,5.50
2008-08-25,6.85,6.85,6.70,6.70,000,5.50
2008-08-22,6.75,6.80,6.75,6.80,6900,5.59
2008-08-21,6.85,6.85,6.85,6.85,1000,5.63
2008-08-20,6.80,6.85,6.80,6.85,44600,5.63
2008-08-19,6.70,6.80,6.70,6.80,46800,5.59
2008-08-18,6.70,6.75,6.70,6.75,2000,5.54
2008-08-13,6.80,6.80,6.70,6.70,000,5.50
2008-08-12,6.85,6.90,6.85,6.90,7700,5.67
2008-08-05,6.85,6.90,6.80,6.90,11700,5.67
2008-08-04,6.90,6.90,6.80,6.80,8500,5.59
2008-08-01,6.90,6.90,6.85,6.85,14700,5.63
2008-07-31,6.90,6.90,6.85,6.90,33200,5.67
2008-07-30,6.85,6.90,6.80,6.90,39500,5.67
2008-07-28,6.80,6.85,6.80,6.85,4600,5.63
2008-07-25,6.80,6.80,6.75,6.75,5200,5.54
2008-07-24,6.80,6.80,6.80,6.80,9500,5.59
2008-07-23,6.85,6.85,6.85,6.85,30200,5.63
2008-07-22,6.80,6.85,6.80,6.85,61500,5.63
2008-07-21,6.80,6.80,6.80,6.80,1000,5.59
2008-07-18,6.85,6.85,6.80,6.80,25000,5.59
2008-07-17,6.80,6.80,6.80,6.80,6300,5.59
2008-07-16,6.80,6.80,6.80,6.80,22000,5.59
2008-07-15,6.70,6.80,6.70,6.80,19500,5.59
2008-07-14,6.80,6.80,6.80,6.80,1000,5.59
2008-07-11,6.85,6.90,6.85,6.85,2500,5.63
2008-07-10,6.80,6.90,6.80,6.80,156800,5.59
2008-07-09,6.75,6.80,6.75,6.80,17600,5.59
2008-07-08,6.70,6.80,6.70,6.75,13200,5.54
2008-07-07,6.70,6.75,6.70,6.75,142500,5.54
2008-07-04,6.75,6.80,6.70,6.70,192900,5.50
2008-07-03,6.75,6.75,6.75,6.75,000,5.54
2008-07-02,6.70,6.75,6.70,6.75,63400,5.54
2008-07-01,6.80,6.80,6.70,6.75,3300,5.54
2008-06-30,6.60,6.80,6.60,6.75,5000,5.54
2008-06-27,6.80,6.80,6.75,6.80,3600,5.59
2008-06-26,6.80,6.80,6.70,6.80,10200,5.59
2008-06-25,6.80,6.85,6.80,6.85,8600,5.63
2008-06-24,6.80,6.90,6.80,6.90,3900,5.67
2008-06-23,6.80,6.80,6.70,6.70,000,5.50
2008-06-20,6.90,6.90,6.90,6.90,600,5.67
2008-06-19,6.80,6.90,6.75,6.75,11500,5.54
2008-06-18,7.00,7.00,6.80,6.90,15200,5.67
2008-06-17,6.90,6.90,6.85,6.90,3800,5.67
2008-06-16,6.90,7.00,6.85,6.85,2000,5.63
2008-06-13,6.90,6.90,6.80,6.90,4000,5.67
2008-06-12,6.70,7.00,6.70,6.90,2600,5.67
2008-06-11,6.75,6.90,6.75,6.90,11500,5.67
2008-06-10,6.90,7.00,6.80,6.95,15300,5.71
2008-06-09,6.85,6.90,6.85,6.90,5400,5.67
2008-06-06,6.90,6.90,6.85,6.90,4300,5.67
2008-06-05,6.90,6.90,6.80,6.90,21100,5.67
2008-06-04,6.80,7.00,6.80,6.85,21700,5.63
2008-06-03,7.00,7.00,6.85,6.90,37700,5.67
2008-06-02,6.95,6.95,6.85,6.85,19500,5.63
2008-05-30,6.95,7.00,6.95,7.00,20400,5.75
2008-05-29,6.95,7.00,6.90,6.90,18600,5.67
2008-05-28,6.90,7.00,6.85,6.90,28400,5.67
2008-05-27,6.90,6.95,6.90,6.90,18600,5.67
2008-05-26,6.90,6.95,6.90,6.90,25100,5.67
2008-05-23,6.90,6.95,6.90,6.90,19900,5.67
2008-05-22,6.90,7.00,6.85,6.95,41600,5.71
2008-05-21,6.95,7.00,6.80,6.95,31900,5.71
2008-05-20,6.80,7.00,6.80,6.85,21900,5.63
2008-05-19,6.95,6.95,6.95,6.95,000,5.71
2008-05-16,6.90,6.95,6.85,6.95,12200,5.71
2008-05-15,6.80,7.30,6.60,7.00,35400,5.75
2008-05-14,6.85,6.90,6.85,6.90,13000,5.67
2008-05-13,6.75,6.90,6.75,6.90,16600,5.67
2008-05-12,6.70,6.75,6.70,6.75,11900,5.54
2008-05-09,6.75,6.75,6.70,6.70,000,5.50
2008-05-08,6.70,6.70,6.70,6.70,9000,5.50
2008-05-07,6.70,6.75,6.70,6.70,23100,5.50
2008-05-06,6.65,6.70,6.65,6.70,2100,5.50
2008-05-05,6.70,6.70,6.65,6.65,8000,5.46
2008-05-02,6.75,6.75,6.70,6.70,000,5.50
2008-05-01,6.70,6.70,6.70,6.70,000,5.50
2008-04-30,6.70,6.75,6.70,6.70,187800,5.50
2008-04-29,6.65,6.70,6.65,6.70,21800,5.50
2008-04-28,6.65,6.65,6.60,6.60,5400,5.42
2008-04-25,6.55,6.60,6.55,6.60,8800,5.42
2008-04-24,6.55,6.60,6.55,6.60,18000,5.42
2008-04-23,6.55,6.55,6.55,6.55,2000,5.38
2008-04-22,6.55,6.60,6.55,6.60,7000,5.42
2008-04-21,6.60,6.60,6.60,6.60,7000,5.42
2008-04-18,6.60,6.60,6.50,6.55,14200,5.38
2008-04-17,6.65,6.65,6.60,6.60,2000,5.42
2008-04-16,6.60,6.60,6.60,6.60,2000,5.42
2008-04-15,6.65,6.65,6.65,6.65,3000,5.46
2008-04-14,6.60,6.60,6.60,6.60,1000,5.42
2008-04-11,6.75,6.75,6.60,6.60,000,5.42
2008-04-10,6.60,6.60,6.60,6.60,4000,5.42
2008-04-09,6.55,6.60,6.55,6.60,6000,5.42
2008-04-08,6.55,6.55,6.55,6.55,400,5.38
2008-04-07,6.50,6.50,6.50,6.50,6000,5.34
2008-04-04,6.55,6.55,6.50,6.50,000,5.34
2008-04-03,6.45,6.45,6.45,6.45,1000,5.30
2008-04-02,6.55,6.55,6.45,6.45,000,5.30
2008-04-01,6.50,6.50,6.50,6.50,4000,5.34
2008-03-31,6.45,6.45,6.45,6.45,1000,5.30
2008-03-28,6.50,6.50,6.45,6.45,7500,5.30
2008-03-27,6.45,6.45,6.45,6.45,22300,5.30
2008-03-26,6.50,6.50,6.45,6.45,17700,5.30
2008-03-25,6.40,6.45,6.40,6.45,17300,5.30
2008-03-24,6.35,6.35,6.35,6.35,3000,5.22
2008-03-21,6.35,6.35,6.35,6.35,4000,5.22
2008-03-20,6.35,6.35,6.35,6.35,000,5.22
2008-03-19,6.35,6.40,6.35,6.35,5000,5.22
2008-03-18,6.30,6.35,6.30,6.35,12400,5.22
2008-03-17,6.35,6.35,6.30,6.30,26000,5.18
2008-03-14,6.45,6.50,6.40,6.50,14500,5.34
2008-03-13,6.45,6.50,6.40,6.45,80200,5.30
2008-03-12,6.60,6.60,6.55,6.55,177500,5.38
2008-03-11,6.60,6.60,6.55,6.55,32100,5.38
2008-03-10,6.55,6.60,6.55,6.55,31700,5.38
2008-03-07,6.75,6.75,6.65,6.65,000,5.46
2008-03-06,6.70,6.75,6.65,6.75,2600,5.54
2008-03-05,6.80,6.80,6.70,6.75,5300,5.54
2008-03-04,6.70,6.75,6.70,6.75,31700,5.54
2008-03-03,6.55,6.65,6.55,6.60,000,5.42
2008-02-29,6.75,6.75,6.55,6.55,3200,5.38
2008-02-28,6.60,6.80,6.60,6.70,12000,5.50
2008-02-27,6.70,6.70,6.55,6.55,40000,5.38
2008-02-26,6.70,6.70,6.70,6.70,60600,5.50
2008-02-25,6.60,6.70,6.60,6.70,20500,5.50
2008-02-22,6.65,6.75,6.65,6.70,149500,5.50
2008-02-21,6.65,6.70,6.65,6.65,56100,5.46
2008-02-20,6.55,6.65,6.55,6.65,42900,5.46
2008-02-19,6.60,6.65,6.60,6.65,3000,5.46
2008-02-18,6.60,6.65,6.55,6.65,8200,5.46
2008-02-15,6.50,6.60,6.50,6.55,8000,5.38
2008-02-14,6.55,6.60,6.55,6.55,79100,5.38
2008-02-13,6.50,6.50,6.50,6.50,45000,5.34
2008-02-12,6.50,6.50,6.45,6.45,15100,5.30
2008-02-11,6.45,6.45,6.45,6.45,300,5.30
2008-02-08,6.45,6.45,6.45,6.45,000,5.30
2008-02-07,6.45,6.45,6.45,6.45,000,5.30
2008-02-06,6.45,6.45,6.45,6.45,4200,5.30
2008-02-05,6.50,6.50,6.45,6.45,000,5.30
2008-02-04,6.50,6.50,6.50,6.50,4900,5.34
2008-02-01,6.45,6.45,6.45,6.45,000,5.30
2008-01-31,6.40,6.45,6.40,6.45,5000,5.30
2008-01-30,6.45,6.45,6.45,6.45,14000,5.30
2008-01-29,6.50,6.50,6.45,6.45,15300,5.30
2008-01-28,6.45,6.50,6.45,6.45,13300,5.30
2008-01-25,6.45,6.45,6.45,6.45,31400,5.30
2008-01-24,6.40,6.45,6.40,6.45,9700,5.30
2008-01-23,6.30,6.30,6.30,6.30,000,5.18
2008-01-22,6.35,6.40,6.30,6.30,29400,5.18
2008-01-21,6.55,6.55,6.50,6.50,3300,5.34
2008-01-18,6.55,6.60,6.55,6.60,20000,5.42
2008-01-17,6.60,6.65,6.55,6.60,192900,5.42
2008-01-16,6.60,6.65,6.55,6.55,252500,5.38
2008-01-15,6.60,6.60,6.55,6.60,213000,5.42
2008-01-14,6.55,6.55,6.55,6.55,112500,5.38
2008-01-11,6.55,6.60,6.50,6.55,67000,5.38
2008-01-10,6.45,6.45,6.45,6.45,000,5.30
2008-01-09,6.40,6.45,6.40,6.45,36000,5.30
2008-01-08,6.50,6.50,6.45,6.45,91300,5.30
2008-01-07,6.40,6.45,6.40,6.40,102800,5.26
2008-01-04,6.40,6.45,6.40,6.40,495000,5.26
2008-01-03,6.30,6.35,6.30,6.30,115100,5.18
2008-01-02,6.30,6.35,6.30,6.30,93800,5.18
2008-01-01,6.30,6.30,6.30,6.30,000,5.18
2007-12-31,6.30,6.30,6.25,6.30,1315500,5.18
2007-12-28,6.25,6.30,6.25,6.30,1915100,5.18
2007-12-27,6.30,6.35,6.25,6.25,1044000,5.13
2007-12-26,6.30,6.40,6.20,6.20,1322700,5.09
2007-12-25,6.30,6.30,6.30,6.30,000,5.18
2007-12-24,6.30,6.30,6.30,6.30,230000,5.18
2007-12-21,6.30,6.30,6.30,6.30,463000,5.18
2007-12-20,6.30,6.30,6.30,6.30,000,5.18
2007-12-19,6.35,6.35,6.30,6.30,445300,5.18
2007-12-18,6.30,6.35,6.30,6.30,411500,5.18
2007-12-17,6.30,6.30,6.30,6.30,178300,5.18
2007-12-14,6.30,6.30,6.30,6.30,286600,5.18
2007-12-13,6.30,6.30,6.30,6.30,78400,5.18
2007-12-12,6.35,6.35,6.30,6.35,71000,5.22
2007-12-11,6.40,6.40,6.35,6.35,170000,5.22
2007-12-10,6.45,6.45,6.35,6.40,93700,5.26
2007-12-07,6.45,6.50,6.45,6.45,3100,5.30
2007-12-06,6.50,6.50,6.45,6.45,25000,5.30
2007-12-05,6.50,6.50,6.45,6.50,106500,5.34
2007-12-04,6.45,6.50,6.45,6.50,172500,5.34
2007-12-03,6.45,6.50,6.45,6.50,23000,5.34
2007-11-30,6.45,6.50,6.40,6.50,12500,5.34
2007-11-29,6.75,6.75,6.70,6.70,41500,5.50
2007-11-28,6.75,6.80,6.70,6.70,49100,5.50
2007-11-27,6.75,6.75,6.70,6.75,50600,5.54
2007-11-26,6.70,6.80,6.70,6.75,33600,5.54
2007-11-23,6.65,6.70,6.65,6.70,25700,5.50
2007-11-22,6.60,6.65,6.60,6.65,18800,5.46
2007-11-21,6.65,6.65,6.60,6.60,81100,5.42
2007-11-20,6.60,6.60,6.55,6.60,177400,5.42
2007-11-19,6.60,6.60,6.55,6.55,10000,5.38
2007-11-16,6.60,6.60,6.50,6.55,15200,5.38
2007-11-15,6.65,6.65,6.65,6.65,5000,5.46
2007-11-14,6.65,6.65,6.65,6.65,6000,5.46
2007-11-13,6.50,6.50,6.50,6.50,8000,5.34
2007-11-12,6.50,6.50,6.50,6.50,1000,5.34
2007-11-09,6.65,6.65,6.60,6.65,500000,5.46
2007-11-08,6.65,6.65,6.65,6.65,000,5.46
2007-11-07,6.60,6.65,6.60,6.65,40700,5.46
2007-11-06,6.65,6.65,6.60,6.65,4000,5.46
2007-11-05,6.60,6.60,6.60,6.60,1000,5.42
2007-11-02,6.70,6.70,6.60,6.65,171700,5.46
2007-11-01,6.60,6.60,6.60,6.60,2000,5.42
2007-10-31,6.65,6.65,6.65,6.65,7100,5.46
2007-10-30,6.70,6.70,6.60,6.60,000,5.42
2007-10-29,6.55,6.70,6.55,6.70,6400,5.50
2007-10-26,6.55,6.55,6.55,6.55,22600,5.38
2007-10-25,6.70,6.70,6.60,6.60,12000,5.42
2007-10-24,6.60,6.60,6.60,6.60,24300,5.42
2007-10-23,6.70,6.70,6.70,6.70,1000,5.50
2007-10-22,6.60,6.70,6.60,6.70,2000,5.50
2007-10-19,6.70,6.75,6.70,6.75,200000,5.54
2007-10-18,6.70,6.70,6.60,6.60,000,5.42
2007-10-17,6.65,6.65,6.55,6.60,28300,5.42
2007-10-16,6.65,6.65,6.65,6.65,7700,5.46
2007-10-15,6.70,6.70,6.70,6.70,000,5.50
2007-10-12,6.65,6.70,6.65,6.70,1200,5.50
2007-10-11,6.70,6.70,6.70,6.70,1000,5.50
2007-10-10,6.65,6.65,6.65,6.65,100,5.46
2007-10-09,6.65,6.75,6.65,6.65,8000,5.46
2007-10-08,6.75,6.75,6.65,6.65,000,5.46
2007-10-05,6.65,6.75,6.65,6.75,34900,5.54
2007-10-04,6.80,6.80,6.80,6.80,2000,5.59
2007-10-03,6.80,6.80,6.80,6.80,2000,5.59
2007-10-02,6.85,6.85,6.70,6.70,000,5.50
2007-10-01,6.75,6.75,6.75,6.75,2000,5.54
2007-09-28,6.75,6.80,6.75,6.75,665700,5.54
2007-09-27,6.75,6.75,6.70,6.75,307200,5.54
2007-09-26,6.70,6.70,6.70,6.70,1000,5.50
2007-09-25,6.80,6.80,6.80,6.80,380500,5.59
2007-09-24,6.65,6.65,6.65,6.65,700,5.46
2007-09-21,6.80,6.80,6.80,6.80,504000,5.59
2007-09-20,6.80,6.80,6.80,6.80,360700,5.59
2007-09-19,6.80,6.85,6.80,6.80,137800,5.59
2007-09-18,6.50,6.70,6.50,6.60,29700,5.42
2007-09-17,6.55,6.55,6.55,6.55,500,5.38
2007-09-14,6.85,6.85,6.60,6.60,000,5.42
2007-09-13,6.80,6.80,6.80,6.80,105800,5.59
2007-09-12,6.80,6.80,6.80,6.80,3400,5.59
2007-09-11,6.80,6.80,6.80,6.80,34700,5.59
2007-09-10,6.75,6.85,6.75,6.80,14300,5.59
2007-09-07,6.80,6.80,6.75,6.80,48800,5.59
2007-09-06,6.75,6.75,6.70,6.70,3000,5.50
2007-09-05,6.75,6.75,6.75,6.75,1500,5.54
2007-09-04,6.70,6.70,6.70,6.70,1000,5.50
2007-09-03,6.70,6.70,6.70,6.70,2000,5.50
2007-08-31,6.75,6.75,6.75,6.75,000,5.54
2007-08-30,6.80,6.80,6.70,6.75,3400,5.54
2007-08-29,6.60,6.70,6.60,6.65,8400,5.46
2007-08-28,6.65,6.70,6.65,6.70,5000,5.50
2007-08-27,6.70,6.70,6.70,6.70,33000,5.50
2007-08-24,6.60,6.60,6.60,6.60,2000,5.42
2007-08-23,6.70,6.70,6.60,6.60,000,5.42
2007-08-22,6.60,6.65,6.60,6.65,6300,5.46
2007-08-21,6.65,6.65,6.55,6.55,10000,5.38
2007-08-20,6.60,6.70,6.60,6.70,11000,5.50
2007-08-17,6.60,6.60,6.55,6.60,430500,5.42
2007-08-16,6.60,6.60,6.60,6.60,178100,5.42
2007-08-15,6.60,6.60,6.60,6.60,282700,5.42
2007-08-14,6.60,6.60,6.60,6.60,72100,5.42
2007-08-13,6.60,6.60,6.60,6.60,000,5.42
2007-08-10,6.80,6.80,6.60,6.60,000,5.42
2007-08-09,6.65,6.65,6.60,6.60,586000,5.42
2007-08-08,6.60,6.65,6.60,6.60,736700,5.42
2007-08-07,6.60,6.60,6.55,6.60,279100,5.42
2007-08-06,6.55,6.85,6.50,6.60,13400,5.42
2007-08-03,6.60,6.60,6.60,6.60,165200,5.42
2007-08-02,6.60,6.60,6.60,6.60,27200,5.42
2007-08-01,6.60,6.60,6.55,6.55,406500,5.38
2007-07-31,6.60,6.65,6.60,6.60,501000,5.42
2007-07-30,6.55,6.70,6.55,6.70,86800,5.50
2007-07-27,6.60,6.65,6.60,6.60,520100,5.42
2007-07-26,6.70,6.70,6.65,6.65,202400,5.46
2007-07-25,6.75,6.80,6.70,6.70,502200,5.50
2007-07-24,6.75,6.75,6.75,6.75,488500,5.54
2007-07-23,6.85,6.85,6.75,6.75,284500,5.54
2007-07-20,6.95,6.95,6.80,6.80,424100,5.59
2007-07-19,6.95,6.95,6.90,6.90,535600,5.67
2007-07-18,6.95,6.95,6.95,6.95,2000,5.71
2007-07-17,6.95,6.95,6.95,6.95,145300,5.71
2007-07-16,6.95,7.00,6.95,6.95,107100,5.71
2007-07-13,6.90,6.95,6.90,6.95,13200,5.71
2007-07-12,6.90,6.90,6.90,6.90,103500,5.67
2007-07-11,6.90,6.90,6.90,6.90,160000,5.67
2007-07-10,6.95,6.95,6.85,6.90,141300,5.67
2007-07-09,6.95,6.95,6.90,6.95,113500,5.71
2007-07-06,6.95,6.95,6.90,6.95,32300,5.71
2007-07-05,6.90,6.90,6.90,6.90,4100,5.67
2007-07-04,6.90,6.95,6.85,6.95,47000,5.71
2007-07-03,6.85,6.85,6.85,6.85,124100,5.63
2007-07-02,6.85,6.85,6.80,6.85,175600,5.63
2007-06-29,6.90,6.90,6.85,6.85,423000,5.63
2007-06-28,6.90,6.90,6.85,6.90,645300,5.67
2007-06-27,6.85,6.85,6.85,6.85,5200,5.63
2007-06-26,6.85,6.85,6.85,6.85,2600,5.63
2007-06-25,6.85,6.90,6.85,6.90,4200,5.67
2007-06-22,6.95,6.95,6.90,6.90,3200,5.67
2007-06-21,6.85,7.00,6.85,6.90,82900,5.67
2007-06-20,6.85,6.85,6.85,6.85,100500,5.63
2007-06-19,6.90,6.90,6.85,6.85,300,5.63
2007-06-18,6.90,6.90,6.80,6.80,000,5.59
2007-06-15,6.80,6.80,6.75,6.75,000,5.54
2007-06-14,6.80,6.80,6.80,6.80,42000,5.59
2007-06-13,6.80,6.85,6.80,6.80,73300,5.59
2007-06-12,6.85,6.85,6.80,6.80,14600,5.59
2007-06-11,6.85,6.85,6.85,6.85,8000,5.63
2007-06-08,6.85,6.85,6.80,6.80,9500,5.59
2007-06-07,6.85,6.85,6.85,6.85,2000,5.63
2007-06-06,6.90,6.90,6.90,6.90,17000,5.67
2007-06-05,6.95,6.95,6.95,6.95,100,5.71
2007-06-04,6.90,6.95,6.85,6.90,87000,5.67
2007-06-01,6.80,6.85,6.80,6.85,103000,5.63
2007-05-31,6.85,6.85,6.85,6.85,134100,5.63
2007-05-30,6.90,6.90,6.85,6.85,116500,5.63
2007-05-29,6.85,6.85,6.80,6.85,102000,5.63
2007-05-28,6.80,6.85,6.80,6.80,219900,5.59
2007-05-25,6.75,6.80,6.75,6.80,63900,5.59
2007-05-24,6.75,6.80,6.75,6.80,57800,5.59
2007-05-23,6.75,6.80,6.75,6.80,204300,5.59
2007-05-22,6.80,6.80,6.75,6.80,453700,5.59
2007-05-21,6.80,6.80,6.75,6.80,453000,5.59
2007-05-18,6.80,6.80,6.80,6.80,321000,5.59
2007-05-17,6.90,6.90,6.75,6.80,145400,5.59
2007-05-16,7.10,7.10,6.80,6.85,409100,5.63
2007-05-15,7.00,7.00,6.85,6.85,29000,5.63
2007-05-14,6.95,7.05,6.95,7.05,108500,5.79
2007-05-11,6.95,7.00,6.95,6.95,63600,5.71
2007-05-10,6.95,7.00,6.95,7.00,10600,5.75
2007-05-09,6.95,6.95,6.95,6.95,77800,5.71
2007-05-08,6.95,6.95,6.95,6.95,161100,5.71
2007-05-07,6.95,6.95,6.95,6.95,281300,5.71
2007-05-04,6.95,6.95,6.90,6.95,80600,5.71
2007-05-03,6.90,6.95,6.90,6.95,62000,5.71
2007-05-02,6.90,6.90,6.90,6.90,000,5.67
2007-05-01,6.90,6.90,6.90,6.90,000,5.67
2007-04-30,6.90,6.95,6.90,6.90,255300,5.67
2007-04-27,6.90,6.90,6.85,6.90,59100,5.67
2007-04-26,6.85,6.85,6.85,6.85,000,5.63
2007-04-25,6.90,6.90,6.85,6.85,694100,5.63
2007-04-24,6.90,6.90,6.90,6.90,284000,5.67
2007-04-23,6.90,6.90,6.90,6.90,458900,5.67
2007-04-20,6.95,6.95,6.90,6.90,1327200,5.67
2007-04-19,6.90,6.95,6.90,6.90,13600,5.67
2007-04-18,6.85,6.90,6.85,6.90,52200,5.67
2007-04-17,6.85,6.90,6.85,6.90,10200,5.67
2007-04-16,6.80,6.85,6.80,6.85,72200,5.63
2007-04-13,6.60,6.85,6.60,6.85,127200,5.63
2007-04-12,6.75,6.75,6.70,6.70,1000,5.50
2007-04-11,6.75,6.85,6.75,6.80,105800,5.59
2007-04-10,6.80,6.85,6.80,6.80,19000,5.59
2007-04-09,6.80,6.80,6.80,6.80,13600,5.59
2007-04-06,6.85,6.85,6.80,6.80,12900,5.59
2007-04-05,6.80,6.80,6.80,6.80,54600,5.59
2007-04-04,6.80,6.80,6.80,6.80,67700,5.59
2007-04-03,6.70,6.80,6.70,6.80,138800,5.59
2007-04-02,6.70,6.70,6.70,6.70,8800,5.50
2007-03-30,6.70,6.75,6.70,6.70,10700,5.50
2007-03-29,6.70,6.70,6.70,6.70,6600,5.50
2007-03-28,6.70,6.70,6.70,6.70,32000,5.50
2007-03-27,6.70,6.70,6.70,6.70,1600,5.50
2007-03-26,6.75,6.75,6.70,6.70,37000,5.50
2007-03-23,6.70,6.80,6.70,6.80,39100,5.59
2007-03-22,6.70,6.75,6.70,6.70,19500,5.50
2007-03-21,6.70,6.75,6.70,6.70,2200,5.50
2007-03-20,6.75,6.80,6.75,6.80,32200,5.59
2007-03-19,6.75,6.75,6.75,6.75,14500,5.54
2007-03-16,6.70,6.70,6.70,6.70,12600,5.50
2007-03-15,6.70,6.70,6.60,6.60,000,5.42
2007-03-14,6.60,6.65,6.60,6.65,19200,5.46
2007-03-13,6.55,6.60,6.55,6.60,44500,5.42
2007-03-12,6.50,6.60,6.50,6.60,3600,5.42
2007-03-09,6.50,6.55,6.50,6.50,16000,5.34
2007-03-08,6.40,6.60,6.40,6.55,10400,5.38
2007-03-07,6.40,6.40,6.40,6.40,1000,5.26
2007-03-06,6.35,6.45,6.35,6.45,24000,5.30
2007-03-05,6.40,6.45,6.30,6.35,37700,5.22
2007-03-02,6.60,6.70,6.60,6.60,32900,5.42
2007-03-01,6.60,6.60,6.60,6.60,37200,5.42
2007-02-28,6.50,6.70,6.50,6.70,77500,5.50
2007-02-27,6.80,6.85,6.50,6.50,165800,5.34
2007-02-26,6.80,6.80,6.80,6.80,11200,5.59
2007-02-23,6.80,6.85,6.80,6.85,146700,5.63
2007-02-22,6.80,6.85,6.80,6.80,176400,5.59
2007-02-21,6.75,6.80,6.75,6.80,129000,5.59
2007-02-20,6.80,6.80,6.80,6.80,000,5.59
2007-02-19,6.80,6.80,6.80,6.80,000,5.59
2007-02-16,6.70,6.80,6.70,6.80,56900,5.59
2007-02-15,6.75,6.75,6.70,6.70,37000,5.50
2007-02-14,6.70,6.75,6.70,6.70,13800,5.50
2007-02-13,6.60,6.65,6.60,6.65,17000,5.46
2007-02-12,6.60,6.60,6.55,6.60,134500,5.42
2007-02-09,6.65,6.65,6.60,6.60,3800,5.42
2007-02-08,6.50,6.55,6.50,6.55,9400,5.38
2007-02-07,6.65,6.65,6.50,6.50,148600,5.34
2007-02-06,6.60,6.60,6.55,6.60,13500,5.42
2007-02-05,6.65,6.65,6.55,6.60,348400,5.42
2007-02-02,6.55,6.65,6.55,6.60,26500,5.42
2007-02-01,6.55,6.55,6.55,6.55,000,5.38
2007-01-31,6.65,6.65,6.55,6.55,106300,5.38
2007-01-30,6.75,6.75,6.70,6.75,16700,5.54
2007-01-29,6.70,6.75,6.70,6.75,11000,5.54
2007-01-26,6.70,6.70,6.70,6.70,64900,5.50
2007-01-25,6.70,6.70,6.70,6.70,123300,5.50
2007-01-24,6.55,6.65,6.55,6.65,134600,5.46
2007-01-23,6.60,6.65,6.55,6.55,18800,5.38
2007-01-22,6.60,6.60,6.60,6.60,23100,5.42
2007-01-19,6.60,6.60,6.60,6.60,80100,5.42
2007-01-18,6.60,6.60,6.60,6.60,19000,5.42
2007-01-17,6.60,6.60,6.55,6.60,5000,5.42
2007-01-16,6.60,6.65,6.60,6.60,14200,5.42
2007-01-15,6.60,6.60,6.60,6.60,3000,5.42
2007-01-12,6.70,6.70,6.60,6.70,54200,5.50
2007-01-11,6.65,6.65,6.60,6.60,000,5.42
2007-01-10,6.65,6.70,6.60,6.70,27000,5.50
2007-01-09,6.65,6.65,6.60,6.65,16800,5.46
2007-01-08,6.60,6.60,6.60,6.60,2700,5.42
2007-01-05,6.60,6.60,6.55,6.55,3100,5.38
2007-01-04,6.60,6.65,6.60,6.65,18000,5.46
2007-01-03,6.60,6.65,6.60,6.65,12500,5.46
2007-01-02,6.55,6.55,6.55,6.55,000,5.38
2007-01-01,6.55,6.55,6.55,6.55,000,5.38
2006-12-29,6.55,6.55,6.55,6.55,56000,5.38
2006-12-28,6.55,6.60,6.55,6.55,164600,5.38
2006-12-27,6.55,6.60,6.55,6.55,260300,5.38
2006-12-26,6.50,6.60,6.50,6.50,17500,5.34
2006-12-25,6.50,6.50,6.50,6.50,000,5.34
2006-12-22,6.50,6.50,6.50,6.50,1000,5.34
2006-12-21,6.60,6.60,6.60,6.60,2000,5.42
2006-12-20,6.50,6.65,6.50,6.60,116600,5.42
2006-12-19,6.45,6.50,6.40,6.45,41800,5.30
2006-12-18,6.45,6.45,6.35,6.40,46500,5.26
2006-12-15,6.50,6.50,6.50,6.50,51000,5.34
2006-12-14,6.50,6.50,6.50,6.50,23000,5.34
2006-12-13,6.60,6.60,6.50,6.50,000,5.34
2006-12-12,6.55,6.55,6.45,6.50,506500,5.34
2006-12-11,6.60,6.60,6.60,6.60,31000,5.42
2006-12-08,6.60,6.60,6.60,6.60,2000,5.42
2006-12-07,6.60,6.60,6.55,6.60,13500,5.42
2006-12-06,6.55,6.60,6.50,6.50,187900,5.34
2006-12-05,6.60,6.60,6.50,6.50,17500,5.34
2006-12-04,6.65,6.70,6.65,6.70,33800,5.50
2006-12-01,6.65,6.65,6.60,6.65,10100,5.46
2006-11-30,6.55,6.75,6.55,6.75,130400,5.54
2006-11-29,6.50,6.50,6.50,6.50,3600,5.34
2006-11-28,6.50,6.50,6.50,6.50,3700,5.34
2006-11-27,6.60,6.60,6.55,6.55,10200,5.38
2006-11-24,6.55,6.60,6.55,6.60,2500,5.42
2006-11-23,6.55,6.60,6.50,6.60,31400,5.42
2006-11-22,6.45,6.55,6.45,6.50,32000,5.34
2006-11-21,6.50,6.50,6.45,6.45,2300,5.30
2006-11-20,6.50,6.55,6.50,6.50,31000,5.34
2006-11-17,6.45,6.50,6.40,6.50,23900,5.34
2006-11-16,6.45,6.45,6.40,6.40,6200,5.26
2006-11-15,6.45,6.45,6.40,6.40,5000,5.26
2006-11-14,6.40,6.40,6.35,6.40,19600,5.26
2006-11-13,6.40,6.40,6.35,6.35,15900,5.22
2006-11-10,6.40,6.45,6.40,6.40,13600,5.26
2006-11-09,6.45,6.45,6.40,6.40,71600,5.26
2006-11-08,6.50,6.50,6.45,6.45,7900,5.30
2006-11-07,6.45,6.50,6.45,6.50,7400,5.34
2006-11-06,6.50,6.50,6.45,6.45,13100,5.30
2006-11-03,6.50,6.50,6.45,6.45,000,5.30
2006-11-02,6.45,6.50,6.45,6.50,5000,5.34
2006-11-01,6.45,6.50,6.45,6.50,4000,5.34
2006-10-31,6.50,6.50,6.45,6.45,500,5.30
2006-10-30,6.45,6.50,6.45,6.50,3600,5.34
2006-10-27,6.45,6.45,6.45,6.45,2000,5.30
2006-10-26,6.45,6.45,6.45,6.45,10000,5.30
2006-10-25,6.40,6.40,6.40,6.40,000,5.26
2006-10-24,6.40,6.40,6.40,6.40,000,5.26
2006-10-23,6.40,6.40,6.40,6.40,000,5.26
2006-10-20,6.45,6.45,6.40,6.40,000,5.26
2006-10-19,6.45,6.45,6.45,6.45,1000,5.30
2006-10-18,6.40,6.40,6.40,6.40,1000,5.26
2006-10-17,6.45,6.45,6.40,6.40,29700,5.26
2006-10-16,6.45,6.45,6.40,6.40,2800,5.26
2006-10-13,6.50,6.50,6.45,6.45,5800,5.30
2006-10-12,6.50,6.50,6.45,6.45,56700,5.30
2006-10-11,6.40,6.50,6.40,6.50,4300,5.34
2006-10-10,6.45,6.50,6.40,6.40,6500,5.26
2006-10-09,6.45,6.50,6.45,6.45,3100,5.30
2006-10-06,6.50,6.50,6.50,6.50,2400,5.34
2006-10-05,6.50,6.50,6.45,6.45,22500,5.30
2006-10-04,6.50,6.50,6.50,6.50,1100,5.34
2006-10-03,6.50,6.50,6.50,6.50,4000,5.34
2006-10-02,6.50,6.50,6.50,6.50,2000,5.34
2006-09-29,6.50,6.50,6.50,6.50,3000,5.34
2006-09-28,6.50,6.50,6.50,6.50,13600,5.34
2006-09-27,6.50,6.50,6.50,6.50,10000,5.34
2006-09-26,6.45,6.55,6.45,6.50,10300,5.34
2006-09-25,6.45,6.45,6.45,6.45,2200,5.30
2006-09-22,6.50,6.55,6.45,6.45,9400,5.30
2006-09-21,6.45,6.45,6.45,6.45,3000,5.30
2006-09-20,6.45,6.50,6.45,6.50,8400,5.34
2006-09-19,6.40,6.40,6.40,6.40,27100,5.26
2006-09-18,6.45,6.45,6.40,6.40,26500,5.26
2006-09-15,6.40,6.40,6.40,6.40,9500,5.26
2006-09-14,6.40,6.40,6.40,6.40,1800,5.26
2006-09-13,6.45,6.45,6.40,6.40,2000,5.26
2006-09-12,6.40,6.40,6.40,6.40,153600,5.26
2006-09-11,6.40,6.40,6.40,6.40,1000,5.26
2006-09-08,6.35,6.40,6.35,6.40,51700,5.26
2006-09-07,6.35,6.35,6.30,6.35,42100,5.22
2006-09-06,6.35,6.40,6.35,6.40,4600,5.26
2006-09-05,6.35,6.35,6.30,6.30,18700,5.18
2006-09-04,6.30,6.35,6.30,6.35,18800,5.22
2006-09-01,6.35,6.35,6.30,6.30,15300,5.18
2006-08-31,6.35,6.35,6.35,6.35,000,5.22
2006-08-30,6.40,6.40,6.35,6.35,96300,5.22
2006-08-29,6.35,6.35,6.35,6.35,4000,5.22
2006-08-28,6.30,6.30,6.30,6.30,1000,5.18
2006-08-25,6.40,6.40,6.35,6.35,8000,5.22
2006-08-24,6.40,6.40,6.30,6.30,4500,5.18
2006-08-23,6.30,6.35,6.30,6.30,2600,5.18
2006-08-22,6.40,6.40,6.30,6.35,7400,5.22
2006-08-21,6.45,6.45,6.40,6.40,1300,5.26
2006-08-18,6.55,6.70,6.55,6.70,100600,5.50
2006-08-17,6.55,6.55,6.50,6.55,42400,5.38
2006-08-16,6.60,6.60,6.50,6.55,23600,5.38
2006-08-15,6.60,6.60,6.55,6.60,22600,5.42
2006-08-14,6.60,6.60,6.60,6.60,13300,5.42
2006-08-11,6.55,6.55,6.55,6.55,10000,5.38
2006-08-10,6.60,6.60,6.55,6.55,20900,5.38
2006-08-09,6.55,6.65,6.50,6.50,39000,5.34
2006-08-08,6.60,6.60,6.50,6.55,21900,5.38
2006-08-07,6.55,6.55,6.55,6.55,28600,5.38
2006-08-04,6.40,6.60,6.40,6.50,128600,5.34
2006-08-03,6.35,6.35,6.35,6.35,52600,5.22
2006-08-02,6.35,6.35,6.35,6.35,11000,5.22
2006-08-01,6.35,6.35,6.35,6.35,1000,5.22
2006-07-31,6.40,6.45,6.40,6.40,73700,5.26
2006-07-28,6.45,6.45,6.30,6.30,000,5.18
2006-07-27,6.30,6.35,6.25,6.25,81800,5.13
2006-07-26,6.35,6.35,6.30,6.30,11700,5.18
2006-07-25,6.40,6.40,6.35,6.40,33500,5.26
2006-07-24,6.40,6.40,6.40,6.40,5000,5.26
2006-07-21,6.50,6.50,6.35,6.35,000,5.22
2006-07-20,6.50,6.50,6.30,6.30,000,5.18
2006-07-19,6.40,6.40,6.30,6.30,000,5.18
2006-07-18,6.30,6.35,6.30,6.35,13300,5.22
2006-07-17,6.30,6.30,6.30,6.30,3600,5.18
2006-07-14,6.35,6.35,6.35,6.35,11000,5.22
2006-07-13,6.40,6.40,6.35,6.35,7600,5.22
2006-07-12,6.40,6.40,6.40,6.40,900,5.26
2006-07-11,6.45,6.45,6.40,6.40,3800,5.26
2006-07-10,6.45,6.50,6.45,6.50,7500,5.34
2006-07-07,6.40,6.40,6.40,6.40,1000,5.26
2006-07-06,6.50,6.50,6.50,6.50,2000,5.34
2006-07-05,6.45,6.55,6.45,6.50,26800,5.34
2006-07-04,6.50,6.50,6.50,6.50,1200,5.34
2006-07-03,6.50,6.50,6.40,6.40,000,5.26
2006-06-30,6.50,6.50,6.40,6.40,6100,5.26
2006-06-29,6.50,6.50,6.50,6.50,61800,5.34
2006-06-28,6.50,6.50,6.50,6.50,50000,5.34
2006-06-27,6.50,6.55,6.50,6.50,63000,5.34
2006-06-26,6.45,6.50,6.45,6.50,1800,5.34
2006-06-23,6.50,6.50,6.45,6.45,18100,5.30
2006-06-22,6.55,6.55,6.45,6.45,9000,5.30
2006-06-21,6.50,6.55,6.50,6.50,63200,5.34
2006-06-20,6.50,6.55,6.45,6.55,55300,5.38
2006-06-19,6.50,6.50,6.40,6.50,8100,5.34
2006-06-16,6.40,6.50,6.40,6.45,8100,5.30
2006-06-15,6.40,6.50,6.40,6.50,113000,5.34
2006-06-14,6.40,6.40,6.30,6.30,3600,5.18
2006-06-13,6.30,6.30,6.30,6.30,1100,5.18
2006-06-12,6.40,6.40,6.40,6.40,5000,5.26
2006-06-09,6.30,6.50,6.30,6.40,418600,5.26
2006-06-08,6.40,6.40,6.40,6.40,5000,5.26
2006-06-07,6.40,6.50,6.40,6.50,198000,5.34
2006-06-06,6.35,6.35,6.35,6.35,4900,5.22
2006-06-05,6.45,6.45,6.45,6.45,200,5.30
2006-06-02,6.45,6.45,6.45,6.45,1000,5.30
2006-06-01,6.55,6.55,6.55,6.55,100,5.38
2006-05-31,6.35,6.50,6.35,6.40,311400,5.26
2006-05-30,6.40,6.40,6.30,6.30,000,5.18
2006-05-29,6.40,6.40,6.40,6.40,1000,5.26
2006-05-26,6.40,6.40,6.40,6.40,61000,5.26
2006-05-25,6.30,6.50,6.30,6.50,92600,5.34
2006-05-24,6.30,6.30,6.25,6.30,14300,5.18
2006-05-23,6.25,6.30,6.25,6.30,2700,5.18
2006-05-22,6.30,6.30,6.30,6.30,16000,5.18
2006-05-19,6.35,6.40,6.30,6.40,146400,5.26
2006-05-18,6.35,6.40,6.35,6.40,202400,5.26
2006-05-17,6.35,6.40,6.30,6.40,2100,5.26
2006-05-16,6.45,6.50,6.45,6.50,485000,5.34
2006-05-15,6.40,6.50,6.40,6.50,222000,5.34
2006-05-12,6.40,6.40,6.40,6.40,000,5.26
2006-05-11,6.40,6.40,6.35,6.40,193600,5.26
2006-05-10,6.40,6.45,6.40,6.40,272000,5.26
2006-05-09,6.45,6.45,6.30,6.30,17200,5.18
2006-05-08,6.40,6.45,6.40,6.40,141400,5.26
2006-05-05,6.40,6.40,6.35,6.40,8200,5.26
2006-05-04,6.40,6.40,6.40,6.40,267100,5.26
2006-05-03,6.40,6.45,6.40,6.40,342900,5.26
2006-05-02,6.35,6.40,6.35,6.40,105500,5.26
2006-04-28,6.40,6.45,6.40,6.40,146400,5.26
2006-04-27,6.50,6.50,6.40,6.40,203700,5.26
2006-04-26,6.50,6.50,6.50,6.50,600000,5.34
2006-04-25,6.30,6.50,6.30,6.50,332600,5.34
2006-04-24,6.30,6.35,6.30,6.35,120000,5.22
2006-04-21,6.30,6.30,6.30,6.30,102500,5.18
2006-04-20,6.30,6.30,6.30,6.30,100100,5.18
2006-04-19,6.30,6.35,6.30,6.30,250000,5.18
2006-04-18,6.30,6.30,6.30,6.30,97000,5.18
2006-04-17,6.30,6.30,6.25,6.30,104400,5.18
2006-04-14,6.30,6.35,6.30,6.30,65000,5.18
2006-04-13,6.30,6.30,6.30,6.30,500,5.18
2006-04-12,6.35,6.35,6.30,6.30,68300,5.18
2006-04-11,6.30,6.30,6.30,6.30,000,5.18
2006-04-10,6.55,6.55,6.30,6.30,15000,5.18
2006-04-07,6.30,6.30,6.30,6.30,1000,5.18
2006-04-06,6.40,6.40,6.40,6.40,3500,5.26
2006-04-05,6.35,6.40,6.35,6.40,11800,5.26
2006-04-04,6.35,6.35,6.35,6.35,7200,5.22
2006-04-03,6.30,6.35,6.30,6.35,57900,5.22
2006-03-31,6.35,6.35,6.30,6.30,102300,5.18
2006-03-30,6.35,6.35,6.30,6.35,103200,5.22
2006-03-29,6.30,6.40,6.30,6.35,118600,5.22
2006-03-28,6.35,6.35,6.30,6.30,5600,5.18
2006-03-27,6.35,6.35,6.30,6.30,4100,5.18
2006-03-24,6.40,6.40,6.30,6.30,8000,5.18
2006-03-23,6.45,6.45,6.35,6.35,000,5.22
2006-03-22,6.40,6.45,6.40,6.40,80300,5.26
2006-03-21,6.35,6.35,6.30,6.30,4500,5.18
2006-03-20,6.35,6.35,6.30,6.30,7100,5.18
2006-03-17,6.35,6.35,6.35,6.35,1600,5.22
2006-03-16,6.35,6.35,6.35,6.35,300,5.22
2006-03-15,6.40,6.40,6.35,6.35,3900,5.22
2006-03-14,6.40,6.40,6.40,6.40,300,5.26
2006-03-13,6.40,6.40,6.40,6.40,1700,5.26
2006-03-10,6.40,6.40,6.35,6.40,1200,5.26
2006-03-09,6.30,6.40,6.30,6.40,37600,5.26
2006-03-08,6.30,6.30,6.25,6.30,14500,5.18
2006-03-07,6.35,6.35,6.30,6.30,50600,5.18
2006-03-06,6.30,6.35,6.25,6.30,11800,5.18
2006-03-03,6.30,6.35,6.30,6.30,59700,5.18
2006-03-02,6.35,6.35,6.30,6.30,8100,5.18
2006-03-01,6.35,6.35,6.30,6.30,38900,5.18
2006-02-28,6.50,6.50,6.40,6.40,3700,5.26
2006-02-27,6.40,6.50,6.40,6.50,8000,5.34
2006-02-24,6.40,6.40,6.35,6.35,7800,5.22
2006-02-23,6.45,6.45,6.40,6.40,24800,5.26
2006-02-22,6.50,6.50,6.45,6.45,14700,5.30
2006-02-21,6.50,6.50,6.45,6.45,6500,5.30
2006-02-20,6.50,6.50,6.50,6.50,6000,5.34
2006-02-17,6.50,6.50,6.50,6.50,6000,5.34
2006-02-16,6.50,6.50,6.50,6.50,4000,5.34
2006-02-15,6.60,6.60,6.50,6.50,8500,5.34
2006-02-14,6.50,6.65,6.50,6.65,2300,5.46
2006-02-13,6.55,6.55,6.50,6.50,24100,5.34
2006-02-10,6.55,6.55,6.50,6.55,46600,5.38
2006-02-09,6.55,6.55,6.45,6.50,72100,5.34
2006-02-08,6.55,6.55,6.50,6.55,26900,5.38
2006-02-07,6.60,6.60,6.55,6.55,39700,5.38
2006-02-06,6.60,6.60,6.60,6.60,23000,5.42
2006-02-03,6.60,6.60,6.60,6.60,3300,5.42
2006-02-02,6.60,6.60,6.60,6.60,000,5.42
2006-02-01,6.60,6.60,6.60,6.60,000,5.42
2006-01-31,6.60,6.60,6.60,6.60,000,5.42
2006-01-30,6.60,6.60,6.60,6.60,000,5.42
2006-01-27,6.60,6.60,6.60,6.60,500,5.42
2006-01-26,6.55,6.60,6.55,6.60,24200,5.42
2006-01-25,6.55,6.55,6.55,6.55,3000,5.38
2006-01-24,6.60,6.60,6.55,6.55,20500,5.38
2006-01-23,6.65,6.65,6.60,6.60,14400,5.42
2006-01-20,6.60,6.60,6.55,6.55,5300,5.38
2006-01-19,6.60,6.60,6.60,6.60,500,5.42
2006-01-18,6.55,6.55,6.55,6.55,2500,5.38
2006-01-17,6.60,6.65,6.60,6.65,8400,5.46
2006-01-16,6.60,6.60,6.55,6.55,1900,5.38
2006-01-13,6.60,6.60,6.60,6.60,4800,5.42
2006-01-12,6.65,6.65,6.60,6.60,3300,5.42
2006-01-11,6.60,6.65,6.60,6.60,3600,5.42
2006-01-10,6.60,6.60,6.60,6.60,000,5.42
2006-01-09,6.60,6.60,6.60,6.60,14500,5.42
2006-01-06,6.60,6.60,6.55,6.60,4000,5.42
2006-01-05,6.60,6.60,6.60,6.60,9000,5.42
2006-01-04,6.60,6.60,6.50,6.50,17000,5.34
2006-01-03,6.65,6.65,6.55,6.55,000,5.38
2006-01-02,6.55,6.55,6.55,6.55,000,5.38
2005-12-30,6.50,6.55,6.50,6.55,112200,5.38
2005-12-29,6.55,6.55,6.55,6.55,6300,5.38
2005-12-28,6.55,6.55,6.55,6.55,3000,5.38
2005-12-27,6.50,6.50,6.50,6.50,1000,5.34
2005-12-26,6.50,6.50,6.50,6.50,000,5.34
2005-12-23,6.50,6.55,6.50,6.50,4900,5.34
2005-12-22,6.55,6.55,6.50,6.50,5000,5.34
2005-12-21,6.50,6.50,6.50,6.50,6000,5.34
2005-12-20,6.55,6.55,6.55,6.55,7400,5.38
2005-12-19,6.55,6.55,6.55,6.55,6800,5.38
2005-12-16,6.55,6.55,6.50,6.50,1900,5.34
2005-12-15,6.60,6.60,6.60,6.60,2000,5.42
2005-12-14,6.65,6.65,6.60,6.60,5100,5.42
2005-12-13,6.65,6.65,6.55,6.55,000,5.38
2005-12-12,6.65,6.65,6.60,6.60,3500,5.42
2005-12-09,6.55,6.55,6.55,6.55,1000,5.38
2005-12-08,6.55,6.60,6.50,6.50,8100,5.34
2005-12-07,6.60,6.60,6.60,6.60,3100,5.42
2005-12-06,6.55,6.55,6.55,6.55,4000,5.38
2005-12-05,6.55,6.55,6.50,6.50,4100,5.34
2005-12-02,6.55,6.55,6.50,6.50,3700,5.34
2005-12-01,6.55,6.55,6.50,6.50,58000,5.34
2005-11-30,6.50,6.60,6.50,6.55,19600,5.38
2005-11-29,6.65,6.65,6.55,6.55,3700,5.38
2005-11-28,6.60,6.65,6.60,6.65,17000,5.46
2005-11-25,6.60,6.60,6.60,6.60,9500,5.42
2005-11-24,6.60,6.60,6.55,6.55,000,5.38
2005-11-23,6.60,6.65,6.55,6.55,27800,5.38
2005-11-22,6.55,6.55,6.55,6.55,8800,5.38
2005-11-21,6.55,6.55,6.55,6.55,7000,5.38
2005-11-18,6.60,6.60,6.55,6.60,3900,5.42
2005-11-17,6.60,6.60,6.55,6.55,000,5.38
2005-11-16,6.55,6.55,6.55,6.55,7200,5.38
2005-11-15,6.60,6.60,6.55,6.55,4600,5.38
2005-11-14,6.65,6.65,6.65,6.65,7500,5.46
2005-11-11,6.60,6.65,6.60,6.65,5300,5.46
2005-11-10,6.65,6.65,6.60,6.60,3000,5.42
2005-11-09,6.65,6.65,6.60,6.60,000,5.42
2005-11-08,6.65,6.65,6.60,6.65,4200,5.46
2005-11-07,6.60,6.65,6.60,6.65,17500,5.46
2005-11-04,6.60,6.60,6.60,6.60,000,5.42
2005-11-03,6.60,6.60,6.60,6.60,000,5.42
2005-11-02,6.60,6.60,6.60,6.60,10000,5.42
2005-11-01,6.60,6.60,6.60,6.60,000,5.42
2005-10-31,6.65,6.65,6.60,6.60,4000,5.42
2005-10-28,6.65,6.70,6.65,6.70,22400,5.50
2005-10-27,6.65,6.65,6.65,6.65,17000,5.46
2005-10-26,6.65,6.65,6.65,6.65,16000,5.46
2005-10-25,6.70,6.70,6.60,6.65,24900,5.46
2005-10-24,6.65,6.70,6.65,6.65,7100,5.46
2005-10-21,6.65,6.65,6.65,6.65,32100,5.46
2005-10-20,6.65,6.70,6.65,6.70,66200,5.50
2005-10-19,6.65,6.70,6.65,6.65,27500,5.46
2005-10-18,6.65,6.70,6.65,6.70,18500,5.50
2005-10-17,6.60,6.65,6.60,6.65,12600,5.46
2005-10-14,6.60,6.60,6.55,6.60,9700,5.42
2005-10-13,6.60,6.60,6.60,6.60,10800,5.42
2005-10-12,6.60,6.60,6.55,6.60,34400,5.42
2005-10-11,6.60,6.60,6.60,6.60,117000,5.42
2005-10-10,6.60,6.60,6.60,6.60,60500,5.42
2005-10-07,6.65,6.65,6.60,6.65,3100,5.46
2005-10-06,6.65,6.65,6.65,6.65,9000,5.46
2005-10-05,6.65,6.65,6.65,6.65,4900,5.46
2005-10-04,6.60,6.60,6.60,6.60,3600,5.42
2005-10-03,6.65,6.65,6.60,6.65,1900,5.46
2005-09-30,6.70,6.70,6.70,6.70,1400,5.50
2005-09-29,6.75,6.75,6.70,6.75,8000,5.54
2005-09-28,6.75,6.75,6.70,6.75,11100,5.54
2005-09-27,6.75,6.75,6.75,6.75,100,5.54
2005-09-26,6.65,6.70,6.65,6.70,1500,5.50
2005-09-23,6.65,6.65,6.65,6.65,17300,5.46
2005-09-22,6.60,6.65,6.60,6.65,102100,5.46
2005-09-21,6.60,6.60,6.60,6.60,146200,5.42
2005-09-20,6.60,6.70,6.60,6.60,63400,5.42
2005-09-19,6.60,6.65,6.60,6.60,59200,5.42
2005-09-16,6.75,6.75,6.60,6.60,54500,5.42
2005-09-15,6.70,6.80,6.70,6.80,108200,5.59
2005-09-14,6.70,6.80,6.70,6.80,73100,5.59
2005-09-13,6.70,6.70,6.70,6.70,98000,5.50
2005-09-12,6.70,6.70,6.70,6.70,54200,5.50
2005-09-09,6.75,6.75,6.70,6.70,22700,5.50
2005-09-08,6.75,6.80,6.75,6.75,22000,5.54
2005-09-07,6.80,6.80,6.80,6.80,17100,5.59
2005-09-06,6.70,6.80,6.70,6.80,109000,5.59
2005-09-05,6.70,6.70,6.70,6.70,2000,5.50
2005-09-02,6.75,6.80,6.75,6.80,33000,5.59
2005-09-01,6.75,6.75,6.75,6.75,41000,5.54
2005-08-31,6.75,6.75,6.75,6.75,000,5.54
2005-08-30,6.75,6.75,6.75,6.75,21000,5.54
2005-08-29,6.70,6.75,6.70,6.75,43800,5.54
2005-08-26,6.75,6.75,6.70,6.75,198600,5.54
2005-08-25,6.70,6.70,6.70,6.70,6000,5.50
2005-08-24,6.70,6.70,6.70,6.70,5000,5.50
2005-08-23,6.70,6.75,6.70,6.75,146000,5.54
2005-08-22,6.60,6.70,6.60,6.65,4500,5.46
2005-08-19,6.75,6.75,6.65,6.65,000,5.46
2005-08-18,6.70,6.70,6.60,6.60,18400,5.42
2005-08-17,6.75,6.80,6.75,6.75,16600,5.54
2005-08-16,6.80,6.80,6.70,6.70,3300,5.50
2005-08-15,6.85,6.85,6.60,6.60,3900,5.42
2005-08-12,6.65,6.85,6.65,6.85,13800,5.63
2005-08-11,6.65,6.65,6.60,6.65,20000,5.46
2005-08-10,6.90,6.90,6.65,6.65,12600,5.46
2005-08-09,7.00,7.00,6.95,7.00,60600,5.75
2005-08-08,7.00,7.00,6.95,7.00,47300,5.75
2005-08-05,7.00,7.00,7.00,7.00,10600,5.75
2005-08-04,7.00,7.00,6.95,7.00,7600,5.75
2005-08-03,7.00,7.00,7.00,7.00,73500,5.75
2005-08-02,7.05,7.05,6.95,7.00,97200,5.75
2005-08-01,7.05,7.05,7.00,7.00,259900,5.75
2005-07-29,7.00,7.05,6.95,7.00,201600,5.75
2005-07-28,6.85,7.05,6.85,7.05,208200,5.79
2005-07-27,6.75,6.85,6.75,6.80,318500,5.59
2005-07-26,6.75,6.75,6.75,6.75,2200,5.54
2005-07-25,6.75,6.75,6.75,6.75,11500,5.54
2005-07-22,6.80,6.90,6.70,6.75,101300,5.54
2005-07-21,6.75,6.75,6.75,6.75,700,5.54
2005-07-20,6.70,6.75,6.70,6.75,2300,5.54
2005-07-19,6.75,6.75,6.75,6.75,5200,5.54
2005-07-18,6.75,6.75,6.75,6.75,170000,5.54
2005-07-15,6.75,6.75,6.75,6.75,3000,5.54
2005-07-14,6.70,6.80,6.70,6.80,87200,5.59
2005-07-13,6.70,6.70,6.65,6.70,79000,5.50
2005-07-12,6.75,6.75,6.70,6.70,64600,5.50
2005-07-11,6.75,6.75,6.75,6.75,19100,5.54
2005-07-08,6.75,6.75,6.70,6.75,6200,5.54
2005-07-07,6.70,6.75,6.70,6.75,4500,5.54
2005-07-06,6.75,6.75,6.70,6.75,7100,5.54
2005-07-05,6.75,6.75,6.75,6.75,5000,5.54
2005-07-04,6.75,6.75,6.70,6.75,5500,5.54
2005-07-01,6.75,6.75,6.70,6.70,000,5.50
2005-06-30,6.70,6.70,6.70,6.70,60400,5.50
2005-06-29,6.70,6.70,6.70,6.70,24100,5.50
2005-06-28,6.70,6.75,6.70,6.75,25200,5.54
2005-06-27,6.70,6.75,6.70,6.70,27100,5.50
2005-06-24,6.75,6.80,6.75,6.80,10000,5.59
2005-06-23,6.80,6.80,6.75,6.80,13600,5.59
2005-06-22,6.75,6.85,6.75,6.80,97500,5.59
2005-06-21,6.75,6.75,6.75,6.75,800,5.54
2005-06-20,6.75,6.75,6.75,6.75,6100,5.54
2005-06-17,6.75,6.75,6.70,6.75,11700,5.54
2005-06-16,6.75,6.80,6.75,6.80,2600,5.59
2005-06-15,6.75,6.80,6.75,6.75,5400,5.54
2005-06-14,6.70,6.75,6.70,6.70,2100,5.50
2005-06-13,6.65,6.70,6.65,6.70,11500,5.50
2005-06-10,6.70,6.70,6.70,6.70,2100,5.50
2005-06-09,6.65,6.75,6.65,6.75,21300,5.54
2005-06-08,6.75,6.75,6.65,6.65,000,5.46
2005-06-07,6.65,6.65,6.65,6.65,2000,5.46
2005-06-06,6.65,6.65,6.65,6.65,2000,5.46
2005-06-03,6.65,6.65,6.60,6.65,7500,5.46
2005-06-02,6.65,6.65,6.65,6.65,17600,5.46
2005-06-01,6.65,6.65,6.65,6.65,31300,5.46
2005-05-31,6.65,6.65,6.60,6.65,43700,5.46
2005-05-30,6.65,6.70,6.65,6.70,4700,5.50
2005-05-27,6.65,6.65,6.60,6.65,2200,5.46
2005-05-26,6.65,6.65,6.55,6.60,14200,5.42
2005-05-25,6.65,6.75,6.65,6.75,25100,5.54
2005-05-24,6.65,6.75,6.65,6.75,34300,5.54
2005-05-23,6.65,6.65,6.65,6.65,000,5.46
2005-05-20,6.60,6.65,6.60,6.65,6300,5.46
2005-05-19,6.65,6.65,6.60,6.60,23500,5.42
2005-05-18,6.55,6.60,6.55,6.60,4100,5.42
2005-05-17,6.60,6.60,6.60,6.60,33900,5.42
2005-05-16,6.60,6.70,6.60,6.70,221200,5.50
2005-05-13,6.60,6.65,6.55,6.65,175900,5.46
2005-05-12,6.60,6.60,6.60,6.60,46000,5.42
2005-05-11,6.65,6.65,6.60,6.60,273800,5.42
2005-05-10,6.70,6.70,6.70,6.70,1900,5.50
2005-05-09,6.65,6.70,6.65,6.70,17900,5.50
2005-05-06,6.65,6.65,6.60,6.60,74200,5.42
2005-05-05,6.65,6.70,6.65,6.70,8300,5.50
2005-05-04,6.70,6.70,6.65,6.70,5100,5.50
2005-05-03,6.70,6.70,6.65,6.65,4100,5.46
2005-05-02,6.70,6.70,6.70,6.70,000,5.50
2005-04-29,6.60,6.70,6.60,6.70,6200,5.50
2005-04-28,6.60,6.65,6.60,6.65,36000,5.46
2005-04-27,6.60,6.60,6.60,6.60,17100,5.42
2005-04-26,6.60,6.60,6.60,6.60,9500,5.42
2005-04-25,6.60,6.60,6.60,6.60,20400,5.42
2005-04-22,6.60,6.65,6.60,6.65,30600,5.46
2005-04-21,6.60,6.60,6.60,6.60,000,5.42
2005-04-20,6.60,6.60,6.60,6.60,6500,5.42
2005-04-19,6.60,6.60,6.60,6.60,3100,5.42
2005-04-18,6.60,6.60,6.60,6.60,11100,5.42
2005-04-15,6.55,6.60,6.55,6.60,9200,5.42
2005-04-14,6.65,6.65,6.65,6.65,3000,5.46
2005-04-13,6.60,6.60,6.60,6.60,11000,5.42
2005-04-12,6.65,6.65,6.60,6.60,3000,5.42
2005-04-11,6.65,6.65,6.60,6.60,17600,5.42
2005-04-08,6.60,6.65,6.60,6.60,2000,5.42
2005-04-07,6.60,6.65,6.60,6.60,50200,5.42
2005-04-06,6.60,6.60,6.60,6.60,53400,5.42
2005-04-05,6.65,6.65,6.65,6.65,5900,5.46
2005-04-04,6.70,6.70,6.60,6.60,3000,5.42
2005-04-01,6.70,6.75,6.70,6.75,27000,5.54
2005-03-31,6.60,6.70,6.55,6.70,99800,5.50
2005-03-30,6.60,6.60,6.60,6.60,84300,5.42
2005-03-29,6.65,6.65,6.65,6.65,1000,5.46
2005-03-28,6.50,6.60,6.50,6.60,17700,5.42
2005-03-25,6.60,6.60,6.60,6.60,1000,5.42
2005-03-24,6.70,6.70,6.60,6.60,000,5.42
2005-03-23,6.55,6.60,6.55,6.60,8100,5.42
2005-03-22,6.50,6.55,6.50,6.55,24100,5.38
2005-03-21,6.50,6.55,6.50,6.50,28900,5.34
2005-03-18,6.60,6.60,6.60,6.60,8900,5.42
2005-03-17,6.60,6.60,6.60,6.60,65900,5.42
2005-03-16,6.50,6.65,6.50,6.65,304800,5.46
2005-03-15,6.55,6.60,6.50,6.60,184800,5.42
2005-03-14,6.55,6.60,6.55,6.60,37000,5.42
2005-03-11,6.60,6.60,6.55,6.55,4800,5.38
2005-03-10,6.65,6.65,6.55,6.60,12000,5.42
2005-03-09,6.55,6.70,6.55,6.70,15200,5.50
2005-03-08,6.55,6.60,6.55,6.60,10000,5.42
2005-03-07,6.60,6.60,6.55,6.60,10000,5.42
2005-03-04,6.60,6.60,6.55,6.60,100200,5.42
2005-03-03,6.65,6.65,6.60,6.60,240000,5.42
2005-03-02,6.60,6.60,6.60,6.60,115000,5.42
2005-03-01,6.55,6.60,6.55,6.60,88000,5.42
2005-02-28,6.60,6.60,6.55,6.60,25000,5.42
2005-02-25,6.55,6.60,6.55,6.60,20000,5.42
2005-02-24,6.55,6.65,6.55,6.60,31000,5.42
2005-02-23,6.55,6.60,6.50,6.60,23400,5.42
2005-02-22,6.60,6.60,6.55,6.60,296000,5.42
2005-02-21,6.60,6.60,6.55,6.60,13000,5.42
2005-02-18,6.55,6.55,6.55,6.55,800,5.38
2005-02-17,6.60,6.60,6.60,6.60,107800,5.42
2005-02-16,6.60,6.65,6.60,6.65,78300,5.46
2005-02-15,6.55,6.60,6.55,6.60,156600,5.42
2005-02-14,6.55,6.60,6.55,6.60,12100,5.42
2005-02-11,6.55,6.55,6.55,6.55,000,5.38
2005-02-10,6.55,6.55,6.55,6.55,000,5.38
2005-02-09,6.55,6.55,6.55,6.55,000,5.38
2005-02-08,6.55,6.55,6.55,6.55,66000,5.38
2005-02-07,6.55,6.55,6.55,6.55,47000,5.38
2005-02-04,6.60,6.60,6.60,6.60,166000,5.42
2005-02-03,6.60,6.60,6.60,6.60,200200,5.42
2005-02-02,6.60,6.60,6.60,6.60,56300,5.42
2005-02-01,6.60,6.60,6.60,6.60,000,5.42
2005-01-31,6.60,6.65,6.60,6.60,14100,5.42
2005-01-28,6.60,6.60,6.55,6.55,000,5.38
2005-01-27,6.60,6.60,6.60,6.60,21400,5.42
2005-01-26,6.70,6.70,6.55,6.60,52500,5.42
2005-01-25,6.60,6.60,6.55,6.55,000,5.38
2005-01-24,6.65,6.70,6.60,6.70,34000,5.50
2005-01-21,6.65,6.65,6.65,6.65,000,5.46
2005-01-20,6.70,6.70,6.60,6.65,5300,5.46
2005-01-19,6.70,6.70,6.60,6.65,6700,5.46
2005-01-18,6.75,6.75,6.60,6.70,3500,5.50
2005-01-17,6.60,6.75,6.60,6.75,15700,5.54
2005-01-14,6.60,6.70,6.60,6.70,3000,5.50
2005-01-13,6.60,6.60,6.60,6.60,1200,5.42
2005-01-12,6.55,6.60,6.55,6.60,26200,5.42
2005-01-11,6.65,6.70,6.65,6.70,4000,5.50
2005-01-10,6.55,6.70,6.55,6.70,21300,5.50
2005-01-07,6.65,6.65,6.55,6.55,44100,5.38
2005-01-06,6.55,6.65,6.55,6.65,64400,5.46
2005-01-05,6.60,6.60,6.55,6.55,107400,5.38
2005-01-04,6.55,6.55,6.50,6.55,71300,5.38
2005-01-03,6.60,6.60,6.50,6.55,32900,5.38
2004-12-31,6.70,6.70,6.55,6.55,14100,5.38
2004-12-30,6.70,6.75,6.70,6.70,53500,5.50
2004-12-29,6.70,6.70,6.65,6.65,1200,5.46
2004-12-28,6.65,6.70,6.65,6.70,31300,5.50
2004-12-27,6.60,6.70,6.60,6.70,4300,5.50
2004-12-24,6.70,6.70,6.65,6.65,2000,5.46
2004-12-23,6.65,6.75,6.65,6.75,26700,5.54
2004-12-22,6.65,6.65,6.65,6.65,1000,5.46
2004-12-21,6.65,6.65,6.65,6.65,2600,5.46
2004-12-20,6.65,6.70,6.60,6.70,9300,5.50
2004-12-17,6.60,6.60,6.60,6.60,7600,5.42
2004-12-16,6.55,6.60,6.55,6.60,2000,5.42
2004-12-15,6.60,6.60,6.50,6.55,114400,5.38
2004-12-14,6.50,6.55,6.50,6.55,88000,5.38
2004-12-13,6.55,6.55,6.50,6.50,69400,5.34
2004-12-10,6.55,6.55,6.50,6.55,70100,5.38
2004-12-09,6.60,6.60,6.55,6.55,10000,5.38
2004-12-08,6.60,6.60,6.55,6.55,23100,5.38
2004-12-07,6.65,6.65,6.60,6.60,301400,5.42
2004-12-06,6.65,6.70,6.65,6.65,8000,5.46
2004-12-03,6.70,6.70,6.70,6.70,247500,5.50
2004-12-02,6.60,6.70,6.60,6.70,3100,5.50
2004-12-01,6.70,6.70,6.60,6.60,000,5.42
2004-11-30,6.70,6.80,6.70,6.75,41000,5.54
2004-11-29,6.70,6.70,6.65,6.70,13100,5.50
2004-11-26,6.75,6.75,6.65,6.70,17500,5.50
2004-11-25,6.60,6.70,6.60,6.70,251000,5.50
2004-11-24,6.60,6.65,6.55,6.60,175200,5.42
2004-11-23,6.60,6.65,6.55,6.55,40700,5.38
2004-11-22,6.60,6.60,6.60,6.60,27800,5.42
2004-11-19,6.65,6.65,6.60,6.65,10100,5.46
2004-11-18,6.70,6.70,6.60,6.65,55400,5.46
2004-11-17,6.70,6.70,6.60,6.65,72500,5.46
2004-11-16,6.65,6.65,6.65,6.65,000,5.46
2004-11-15,6.65,6.65,6.65,6.65,000,5.46
2004-11-12,6.65,6.65,6.65,6.65,000,5.46
2004-11-11,6.65,6.65,6.65,6.65,000,5.46
2004-11-10,6.70,6.70,6.65,6.65,55000,5.46
2004-11-09,6.75,6.75,6.70,6.70,137900,5.50
2004-11-08,6.85,6.85,6.75,6.75,4700,5.54
2004-11-05,6.80,6.80,6.80,6.80,8600,5.59
2004-11-04,6.80,6.80,6.75,6.75,4500,5.54
2004-11-03,6.80,6.80,6.75,6.75,13100,5.54
2004-11-02,6.80,6.85,6.80,6.80,6100,5.59
2004-11-01,6.80,6.80,6.80,6.80,2000,5.59
2004-10-29,6.80,6.80,6.75,6.80,7900,5.59
2004-10-28,6.80,6.80,6.80,6.80,15000,5.59
2004-10-27,6.75,6.75,6.75,6.75,8000,5.54
2004-10-26,6.80,6.80,6.75,6.75,6000,5.54
2004-10-25,6.80,6.80,6.75,6.75,000,5.54
2004-10-22,6.80,6.80,6.80,6.80,19200,5.59
2004-10-21,6.75,6.80,6.75,6.80,6000,5.59
2004-10-20,6.80,6.80,6.80,6.80,15600,5.59
2004-10-19,6.80,6.80,6.80,6.80,1000,5.59
2004-10-18,6.80,6.80,6.80,6.80,1000,5.59
2004-10-15,6.90,6.90,6.75,6.75,000,5.54
2004-10-14,6.70,6.75,6.70,6.70,2600,5.50
2004-10-13,6.80,6.80,6.80,6.80,6100,5.59
2004-10-12,6.80,6.80,6.70,6.80,11600,5.59
2004-10-11,6.80,6.80,6.80,6.80,2100,5.59
2004-10-08,6.80,6.80,6.80,6.80,2400,5.59
2004-10-07,6.80,6.85,6.80,6.80,13200,5.59
2004-10-06,6.80,6.90,6.80,6.80,7800,5.59
2004-10-05,6.80,6.80,6.80,6.80,2100,5.59
2004-10-04,6.85,6.85,6.80,6.80,5400,5.59
2004-10-01,6.85,6.85,6.80,6.80,13000,5.59
2004-09-30,6.80,6.85,6.75,6.80,41500,5.59
2004-09-29,6.80,6.80,6.80,6.80,10100,5.59
2004-09-28,6.75,6.75,6.75,6.75,29400,5.54
2004-09-27,6.70,6.80,6.70,6.80,18200,5.59
2004-09-24,6.80,6.80,6.80,6.80,159900,5.59
2004-09-23,6.80,6.80,6.75,6.80,90000,5.59
2004-09-22,6.80,6.90,6.80,6.80,3000,5.59
2004-09-21,6.75,6.80,6.75,6.80,271900,5.59
2004-09-20,6.75,6.75,6.70,6.75,7700,5.54
2004-09-17,6.80,6.80,6.80,6.80,8500,5.59
2004-09-16,6.75,6.80,6.75,6.80,9900,5.59
2004-09-15,6.75,6.75,6.75,6.75,2800,5.54
2004-09-14,6.80,6.80,6.70,6.75,6600,5.54
2004-09-13,6.85,6.85,6.80,6.80,3500,5.59
2004-09-10,6.85,6.85,6.75,6.80,7700,5.59
2004-09-09,6.90,6.90,6.75,6.75,32400,5.54
2004-09-08,6.75,6.90,6.75,6.90,78700,5.67
2004-09-07,6.75,6.75,6.75,6.75,12000,5.54
2004-09-06,6.75,6.75,6.75,6.75,1000,5.54
2004-09-03,6.75,6.80,6.75,6.80,13900,5.59
2004-09-02,6.75,6.75,6.75,6.75,4300,5.54
2004-09-01,6.70,6.75,6.60,6.70,202100,5.50
2004-08-31,6.70,6.70,6.70,6.70,000,5.50
2004-08-30,6.75,6.75,6.70,6.70,42500,5.50
2004-08-27,6.80,6.80,6.75,6.80,2000,5.59
2004-08-26,6.70,6.75,6.70,6.75,2000,5.54
2004-08-25,6.70,6.70,6.70,6.70,10000,5.50
2004-08-24,6.75,6.80,6.75,6.80,35000,5.59
2004-08-23,6.70,6.75,6.70,6.75,53400,5.54
2004-08-20,6.65,6.65,6.65,6.65,6000,5.46
2004-08-19,6.70,6.70,6.70,6.70,10200,5.50
2004-08-18,6.65,6.70,6.65,6.70,56600,5.50
2004-08-17,6.70,6.70,6.70,6.70,5100,5.50
2004-08-16,6.60,6.70,6.60,6.70,147200,5.50
2004-08-13,6.75,6.75,6.60,6.75,16400,5.54
2004-08-12,6.65,6.80,6.60,6.80,4500,5.59
2004-08-11,6.80,6.80,6.70,6.80,6200,5.59
2004-08-10,6.65,6.80,6.60,6.80,13900,5.59
2004-08-09,6.60,6.60,6.60,6.60,2400,5.42
2004-08-06,6.65,6.65,6.60,6.60,3500,5.42
2004-08-05,6.60,6.65,6.60,6.60,12000,5.42
2004-08-04,6.60,6.60,6.60,6.60,3000,5.42
2004-08-03,6.70,6.70,6.70,6.70,2400,5.50
2004-08-02,6.95,7.00,6.90,6.95,72500,5.71
2004-07-30,6.85,6.90,6.80,6.90,136900,5.67
2004-07-29,6.85,6.85,6.80,6.85,25000,5.63
2004-07-28,6.85,6.85,6.85,6.85,49300,5.63
2004-07-27,6.85,6.85,6.85,6.85,50500,5.63
2004-07-26,6.85,6.85,6.80,6.85,48200,5.63
2004-07-23,6.90,6.90,6.80,6.85,41000,5.63
2004-07-22,6.85,6.90,6.85,6.90,28500,5.67
2004-07-21,6.75,6.85,6.75,6.85,14000,5.63
2004-07-20,6.80,6.80,6.75,6.80,9600,5.59
2004-07-19,6.85,6.85,6.80,6.80,37700,5.59
2004-07-16,6.80,6.80,6.80,6.80,51800,5.59
2004-07-15,6.75,6.80,6.75,6.80,15500,5.59
2004-07-14,6.75,6.75,6.65,6.65,4100,5.46
2004-07-13,6.70,6.85,6.65,6.85,2600,5.63
2004-07-12,6.85,6.85,6.80,6.85,3100,5.63
2004-07-09,6.80,6.80,6.75,6.80,8400,5.59
2004-07-08,6.75,6.80,6.75,6.80,2700,5.59
2004-07-07,6.80,6.80,6.75,6.75,9500,5.54
2004-07-06,6.85,6.85,6.80,6.85,11900,5.63
2004-07-05,6.85,6.85,6.85,6.85,12000,5.63
2004-07-02,6.80,6.85,6.80,6.85,4000,5.63
2004-07-01,6.80,6.90,6.80,6.85,58200,5.63
2004-06-30,6.70,6.80,6.65,6.80,47700,5.59
2004-06-29,6.75,6.75,6.75,6.75,500,5.54
2004-06-28,6.65,6.65,6.65,6.65,5000,5.46
2004-06-25,6.75,6.75,6.75,6.75,800,5.54
2004-06-24,6.75,6.75,6.70,6.70,2000,5.50
2004-06-23,6.80,6.80,6.75,6.80,5500,5.59
2004-06-22,6.75,6.80,6.75,6.80,11900,5.59
2004-06-21,6.75,6.80,6.75,6.80,9600,5.59
2004-06-18,6.70,6.80,6.70,6.75,5500,5.54
2004-06-17,6.80,6.80,6.80,6.80,500,5.59
2004-06-16,6.75,6.75,6.60,6.60,5400,5.42
2004-06-15,6.55,6.70,6.55,6.70,8500,5.50
2004-06-14,6.70,6.70,6.70,6.70,7400,5.50
2004-06-11,6.75,6.75,6.75,6.75,20000,5.54
2004-06-10,6.70,6.75,6.70,6.75,3200,5.54
2004-06-09,6.50,6.55,6.50,6.50,78700,5.34
2004-06-08,6.55,6.70,6.55,6.70,2600,5.50
2004-06-07,6.75,6.75,6.65,6.70,7100,5.50
2004-06-04,6.65,6.65,6.45,6.55,54900,5.38
2004-06-03,6.65,6.65,6.65,6.65,2000,5.46
2004-06-02,6.70,6.75,6.65,6.65,2100,5.46
2004-06-01,6.75,6.75,6.70,6.70,1700,5.50
2004-05-31,6.70,6.70,6.70,6.70,1000,5.50
2004-05-28,6.70,6.85,6.70,6.85,47300,5.63
2004-05-27,6.65,6.70,6.65,6.70,1000,5.50
2004-05-26,6.70,6.70,6.65,6.65,4000,5.46
2004-05-25,6.70,6.70,6.65,6.65,11300,5.46
2004-05-24,6.65,6.70,6.65,6.70,27100,5.50
2004-05-21,6.55,6.65,6.55,6.65,26200,5.46
2004-05-20,6.50,6.50,6.50,6.50,13100,5.34
2004-05-19,6.50,6.50,6.50,6.50,10400,5.34
2004-05-18,6.50,6.50,6.45,6.50,17000,5.34
2004-05-17,6.50,6.55,6.45,6.50,254700,5.34
2004-05-14,6.50,6.55,6.50,6.50,91600,5.34
2004-05-13,6.50,6.50,6.50,6.50,36000,5.34
2004-05-12,6.50,6.50,6.50,6.50,18900,5.34
2004-05-11,6.55,6.55,6.45,6.45,4700,5.30
2004-05-10,6.65,6.70,6.55,6.60,26900,5.42
2004-05-07,6.65,6.70,6.65,6.65,53400,5.46
2004-05-06,6.70,6.70,6.65,6.65,000,5.46
2004-05-05,6.65,6.65,6.65,6.65,11100,5.46
2004-05-04,6.65,6.65,6.65,6.65,000,5.46
2004-05-03,6.65,6.65,6.65,6.65,000,5.46
2004-04-30,6.65,6.65,6.60,6.65,104300,5.46
2004-04-29,6.65,6.65,6.65,6.65,121000,5.46
2004-04-28,6.65,6.70,6.65,6.70,3500,5.50
2004-04-27,6.65,6.75,6.65,6.75,42800,5.54
2004-04-26,6.65,6.65,6.65,6.65,538300,5.46
2004-04-23,6.75,6.75,6.65,6.65,119300,5.46
2004-04-22,6.70,6.75,6.70,6.75,14900,5.54
2004-04-21,6.60,6.70,6.50,6.70,46100,5.50
2004-04-20,6.60,6.65,6.60,6.65,2600,5.46
2004-04-19,6.65,6.65,6.20,6.60,11900,5.42
2004-04-16,6.65,6.65,6.65,6.65,26400,5.46
2004-04-15,6.70,6.70,6.65,6.65,222500,5.46
2004-04-14,6.70,6.70,6.65,6.65,12000,5.46
2004-04-13,6.70,6.70,6.70,6.70,25600,5.50
2004-04-12,6.70,6.70,6.70,6.70,34500,5.50
2004-04-09,6.70,6.75,6.70,6.70,2600,5.50
2004-04-08,6.70,6.75,6.65,6.65,50900,5.46
2004-04-07,6.75,6.75,6.65,6.65,13800,5.46
2004-04-06,6.65,6.70,6.65,6.70,199000,5.50
2004-04-05,6.70,6.70,6.70,6.70,2500,5.50
2004-04-02,6.65,6.70,6.65,6.65,163200,5.46
2004-04-01,6.65,6.65,6.60,6.65,646000,5.46
2004-03-31,6.70,6.70,6.65,6.65,1196600,5.46
2004-03-30,6.70,6.70,6.65,6.70,74800,5.50
2004-03-29,6.75,6.75,6.70,6.70,25000,5.50
2004-03-26,6.75,6.75,6.75,6.75,381100,5.54
2004-03-25,6.75,6.80,6.75,6.75,428100,5.54
2004-03-24,6.75,6.75,6.75,6.75,20000,5.54
2004-03-23,6.75,6.80,6.70,6.80,25400,5.59
2004-03-22,6.75,6.85,6.70,6.85,328900,5.63
2004-03-19,6.80,6.80,6.70,6.70,185500,5.50
2004-03-18,6.75,6.80,6.70,6.70,603600,5.50
2004-03-17,6.70,6.75,6.70,6.75,3500,5.54
2004-03-16,6.70,6.75,6.70,6.70,489300,5.50
2004-03-15,6.75,6.75,6.70,6.75,58500,5.54
2004-03-12,6.75,6.75,6.75,6.75,61600,5.54
2004-03-11,6.70,6.75,6.70,6.75,129500,5.54
2004-03-10,6.75,6.80,6.70,6.70,75300,5.50
2004-03-09,6.75,6.80,6.75,6.80,3100,5.59
2004-03-08,6.75,6.80,6.75,6.75,8000,5.54
2004-03-05,6.75,6.80,6.70,6.75,52700,5.54
2004-03-04,6.65,6.80,6.65,6.80,2500,5.59
2004-03-03,6.70,6.70,6.65,6.70,13000,5.50
2004-03-02,6.75,6.75,6.75,6.75,26000,5.54
2004-03-01,6.80,6.85,6.70,6.70,32800,5.50
2004-02-27,6.70,6.75,6.70,6.75,38100,5.54
2004-02-26,6.80,6.85,6.80,6.80,206700,5.59
2004-02-25,6.80,6.80,6.80,6.80,4400,5.59
2004-02-24,6.80,6.80,6.70,6.80,26000,5.59
2004-02-23,6.75,6.75,6.75,6.75,000,5.54
2004-02-20,6.60,6.75,6.00,6.75,52600,5.54
2004-02-19,6.75,6.75,6.70,6.75,6700,5.54
2004-02-18,6.75,6.75,6.75,6.75,6000,5.54
2004-02-17,6.70,6.75,6.70,6.75,10100,5.54
2004-02-16,6.75,6.75,6.70,6.75,7400,5.54
2004-02-13,6.75,6.75,6.75,6.75,4000,5.54
2004-02-12,6.70,6.75,6.70,6.75,4600,5.54
2004-02-11,6.75,6.75,6.70,6.75,36000,5.54
2004-02-10,6.65,6.75,6.65,6.75,25400,5.54
2004-02-09,6.70,6.75,6.70,6.70,12400,5.50
2004-02-06,6.70,6.70,6.65,6.65,23700,5.46
2004-02-05,6.65,6.65,6.65,6.65,97200,5.46
2004-02-04,6.80,6.80,6.65,6.65,42900,5.46
2004-02-03,6.80,6.80,6.80,6.80,000,5.59
2004-02-02,6.80,6.80,6.80,6.80,000,5.59
2004-01-30,6.85,6.85,6.80,6.80,13600,5.59
2004-01-29,6.80,6.85,6.80,6.85,360900,5.63
2004-01-28,6.80,6.80,6.80,6.80,108500,5.59
2004-01-27,6.75,6.80,6.75,6.80,2000,5.59
2004-01-26,6.65,6.75,6.65,6.70,319100,5.50
2004-01-23,6.75,6.75,6.75,6.75,000,5.54
2004-01-22,6.75,6.75,6.75,6.75,000,5.54
2004-01-21,6.75,6.75,6.75,6.75,000,5.54
2004-01-20,6.70,6.80,6.70,6.75,171300,5.54
2004-01-19,6.80,6.80,6.70,6.70,10500,5.50
2004-01-16,6.90,6.90,6.80,6.80,150700,5.59
2004-01-15,6.80,7.00,6.75,7.00,10100,5.75
2004-01-14,6.80,6.80,6.80,6.80,11200,5.59
2004-01-13,6.85,6.85,6.85,6.85,7700,5.63
2004-01-12,6.95,7.00,6.80,6.85,35000,5.63
2004-01-09,6.95,6.95,6.80,6.90,32600,5.67
2004-01-08,6.90,6.90,6.80,6.80,35900,5.59
2004-01-07,6.90,6.95,6.90,6.95,71800,5.71
2004-01-06,6.85,6.90,6.85,6.90,3200,5.67
2004-01-05,6.75,6.85,6.75,6.85,14100,5.63
2004-01-02,6.70,6.75,6.60,6.75,10000,5.54
2004-01-01,6.55,6.55,6.55,6.55,000,5.38
2003-12-31,6.80,6.80,6.55,6.55,152200,5.38
2003-12-30,6.90,6.90,6.75,6.80,12500,5.59
2003-12-29,6.75,6.80,6.70,6.70,38700,5.50
2003-12-26,6.75,6.75,6.75,6.75,2200,5.54
2003-12-25,6.75,6.75,6.75,6.75,000,5.54
2003-12-24,6.70,6.75,6.70,6.75,20900,5.54
2003-12-23,6.70,6.70,6.70,6.70,4000,5.50
2003-12-22,6.60,6.60,6.60,6.60,2000,5.42
2003-12-19,6.60,6.60,6.60,6.60,4000,5.42
2003-12-18,6.60,6.60,6.60,6.60,20800,5.42
2003-12-17,6.70,6.70,6.60,6.60,1200,5.42
2003-12-16,6.70,6.70,6.70,6.70,7900,5.50
2003-12-15,6.70,6.70,6.60,6.60,000,5.42
2003-12-12,6.60,6.70,6.60,6.70,1700,5.50
2003-12-11,6.65,6.65,6.60,6.65,164200,5.46
2003-12-10,6.60,6.60,6.60,6.60,2000,5.42
2003-12-09,6.75,6.75,6.75,6.75,1000,5.54
2003-12-08,6.55,6.55,6.50,6.55,2300,5.38
2003-12-05,6.55,6.60,6.55,6.60,2500,5.42
2003-12-04,6.75,6.75,6.50,6.50,000,5.34
2003-12-03,6.70,6.75,6.70,6.75,54000,5.54
2003-12-02,6.55,6.70,6.55,6.70,24800,5.50
2003-12-01,6.50,6.55,6.50,6.55,8500,5.38
2003-11-28,6.60,6.60,6.40,6.40,290600,5.26
2003-11-27,6.55,6.60,6.55,6.60,2000,5.42
2003-11-26,6.50,6.50,6.50,6.50,000,5.34
2003-11-25,6.50,6.50,6.50,6.50,000,5.34
2003-11-24,6.50,6.50,6.50,6.50,000,5.34
2003-11-21,6.45,6.55,6.45,6.50,216800,5.34
2003-11-20,6.65,6.65,6.50,6.50,329100,5.34
2003-11-19,6.60,6.60,6.50,6.60,44500,5.42
2003-11-18,6.65,6.70,6.60,6.60,8000,5.42
2003-11-17,6.75,6.75,6.65,6.65,10800,5.46
2003-11-14,6.80,6.85,6.80,6.80,150800,5.59
2003-11-13,6.85,6.85,6.75,6.75,16500,5.54
2003-11-12,6.75,6.85,6.75,6.75,447200,5.54
2003-11-11,6.80,6.85,6.80,6.80,180900,5.59
2003-11-10,6.90,6.90,6.80,6.90,59000,5.67
2003-11-07,6.95,6.95,6.90,6.90,16000,5.67
2003-11-06,6.95,7.00,6.95,6.95,12000,5.71
2003-11-05,7.00,7.00,6.95,7.00,9500,5.75
2003-11-04,6.95,7.00,6.95,7.00,56000,5.75
2003-11-03,6.80,6.95,6.80,6.95,10700,5.71
2003-10-31,6.95,7.00,6.80,6.80,9200,5.59
2003-10-30,6.95,7.00,6.95,7.00,29400,5.75
2003-10-29,6.85,7.00,6.80,7.00,62300,5.75
2003-10-28,6.85,6.85,6.70,6.85,207600,5.63
2003-10-27,6.70,6.85,6.70,6.85,47900,5.63
2003-10-24,6.70,6.70,6.70,6.70,000,5.50
2003-10-23,6.70,6.80,6.70,6.70,61600,5.50
2003-10-22,6.80,6.90,6.70,6.70,23400,5.50
2003-10-21,6.85,6.85,6.80,6.80,20800,5.59
2003-10-20,6.95,6.95,6.90,6.90,4300,5.67
2003-10-17,6.95,6.95,6.90,6.90,2500,5.67
2003-10-16,7.00,7.00,7.00,7.00,1800,5.75
2003-10-15,7.00,7.00,6.95,7.00,181300,5.75
2003-10-14,6.90,7.00,6.90,7.00,183800,5.75
2003-10-13,6.85,6.90,6.85,6.90,176900,5.67
2003-10-10,7.00,7.00,6.80,6.85,32100,5.63
2003-10-09,6.90,7.00,6.90,6.95,193600,5.71
2003-10-08,6.90,6.90,6.80,6.80,197600,5.59
2003-10-07,6.75,6.90,6.70,6.85,126800,5.63
2003-10-06,6.80,6.80,6.75,6.75,10100,5.54
2003-10-03,6.85,6.85,6.80,6.80,4000,5.59
2003-10-02,6.80,6.85,6.80,6.85,16900,5.63
2003-10-01,6.85,6.85,6.75,6.85,8000,5.63
2003-09-30,6.85,6.85,6.80,6.80,126300,5.59
2003-09-29,6.90,6.90,6.85,6.85,40000,5.63
2003-09-26,6.85,7.00,6.85,6.90,92000,5.67
2003-09-25,6.85,6.85,6.85,6.85,10000,5.63
2003-09-24,6.80,6.85,6.80,6.85,5300,5.63
2003-09-23,6.80,6.85,6.80,6.80,43500,5.59
2003-09-22,6.85,6.85,6.80,6.85,64700,5.63
2003-09-19,6.85,6.90,6.85,6.90,48700,5.67
2003-09-18,6.80,6.80,6.80,6.80,54000,5.59
2003-09-17,6.80,6.90,6.80,6.85,123200,5.63
2003-09-16,6.80,6.85,6.80,6.80,125500,5.59
2003-09-15,6.70,6.85,6.70,6.85,155500,5.63
2003-09-12,6.70,6.75,6.70,6.70,138300,5.50
2003-09-11,6.70,6.70,6.65,6.70,94100,5.50
2003-09-10,6.65,6.70,6.65,6.70,196200,5.50
2003-09-09,6.70,6.70,6.65,6.70,98200,5.50
2003-09-08,6.70,6.70,6.70,6.70,65900,5.50
2003-09-05,6.75,6.75,6.70,6.70,95400,5.50
2003-09-04,6.70,6.75,6.65,6.75,82500,5.54
2003-09-03,6.90,6.90,6.65,6.70,60600,5.50
2003-09-02,6.70,6.70,6.65,6.70,35900,5.50
2003-09-01,6.70,6.70,6.70,6.70,000,5.50
2003-08-29,6.60,6.70,6.60,6.70,280100,5.50
2003-08-28,6.55,6.60,6.55,6.60,35400,5.42
2003-08-27,6.60,6.60,6.55,6.55,55000,5.38
2003-08-26,6.55,6.55,6.55,6.55,197500,5.38
2003-08-25,6.65,6.70,6.55,6.55,37500,5.38
2003-08-22,6.60,6.65,6.60,6.65,55700,5.46
2003-08-21,6.55,6.60,6.55,6.60,56300,5.42
2003-08-20,6.55,6.60,6.50,6.60,37300,5.42
2003-08-19,6.50,6.55,6.50,6.50,30600,5.34
2003-08-18,6.45,6.50,6.45,6.50,45900,5.34
2003-08-15,6.45,6.45,6.45,6.45,26800,5.30
2003-08-14,6.45,6.45,6.40,6.45,42300,5.30
2003-08-13,6.45,6.45,6.40,6.45,85300,5.30
2003-08-12,6.60,6.70,6.60,6.70,129000,5.50
2003-08-11,6.60,6.60,6.55,6.60,86400,5.42
2003-08-08,6.60,6.60,6.55,6.60,50500,5.42
2003-08-07,6.55,6.60,6.55,6.60,21700,5.42
2003-08-06,6.55,6.55,6.55,6.55,41400,5.38
2003-08-05,6.50,6.55,6.50,6.55,278500,5.38
2003-08-04,6.55,6.55,6.45,6.50,129500,5.34
2003-08-01,6.50,6.50,6.50,6.50,128200,5.34
2003-07-31,6.55,6.60,6.45,6.45,159400,5.30
2003-07-30,6.50,6.55,6.50,6.50,140500,5.34
2003-07-29,6.35,6.55,6.35,6.45,354900,5.30
2003-07-28,6.25,6.30,6.25,6.30,122000,5.18
2003-07-25,6.10,6.25,6.10,6.25,60900,5.13
2003-07-24,6.25,6.30,6.20,6.30,79200,5.18
2003-07-23,6.35,6.35,6.30,6.30,12200,5.18
2003-07-22,6.35,6.35,6.35,6.35,000,5.22
2003-07-21,6.35,6.40,6.35,6.35,25000,5.22
2003-07-18,6.30,6.35,6.30,6.35,76100,5.22
2003-07-17,6.35,6.35,6.35,6.35,203600,5.22
2003-07-16,6.40,6.45,6.35,6.40,180400,5.26
2003-07-15,6.40,6.45,6.40,6.40,203000,5.26
2003-07-14,6.35,6.40,6.30,6.40,37000,5.26
2003-07-11,6.35,6.40,6.30,6.30,555300,5.18
2003-07-10,6.30,6.40,6.30,6.35,91700,5.22
2003-07-09,6.30,6.40,6.25,6.30,513200,5.18
2003-07-08,6.35,6.40,6.35,6.35,259600,5.22
2003-07-07,6.40,6.40,6.30,6.35,233200,5.22
2003-07-04,6.35,6.40,6.30,6.35,43700,5.22
2003-07-03,6.35,6.35,6.30,6.35,32000,5.22
2003-07-02,6.35,6.35,6.30,6.35,25000,5.22
2003-07-01,6.30,6.35,6.30,6.35,77900,5.22
2003-06-30,6.25,6.30,6.25,6.30,121000,5.18
2003-06-27,6.35,6.40,6.30,6.30,134900,5.18
2003-06-26,6.35,6.35,6.30,6.35,19200,5.22
2003-06-25,6.25,6.35,6.25,6.35,96100,5.22
2003-06-24,6.35,6.35,6.25,6.30,137500,5.18
2003-06-23,6.30,6.35,6.25,6.35,527200,5.22
2003-06-20,6.25,6.30,6.25,6.30,3500,5.18
2003-06-19,6.30,6.30,6.30,6.30,186100,5.18
2003-06-18,6.30,6.30,6.20,6.30,273000,5.18
2003-06-17,6.30,6.30,6.25,6.30,10200,5.18
2003-06-16,6.30,6.30,6.25,6.30,12100,5.18
2003-06-13,6.30,6.30,6.25,6.30,4200,5.18
2003-06-12,6.30,6.30,6.30,6.30,325200,5.18
2003-06-11,6.35,6.35,6.30,6.30,219300,5.18
2003-06-10,6.30,6.30,6.30,6.30,1200,5.18
2003-06-09,6.30,6.30,6.30,6.30,26900,5.18
2003-06-06,6.30,6.30,6.25,6.25,8800,5.13
2003-06-05,6.30,6.30,6.25,6.25,31400,5.13
2003-06-04,6.30,6.30,6.20,6.25,18500,5.13
2003-06-03,6.30,6.30,6.25,6.25,7200,5.13
2003-06-02,6.35,6.35,6.35,6.35,4100,5.22
2003-05-30,6.25,6.35,6.25,6.35,134300,5.22
2003-05-29,6.25,6.25,6.20,6.25,10000,5.13
2003-05-28,6.25,6.25,6.25,6.25,111500,5.13
2003-05-27,6.20,6.20,6.20,6.20,1000,5.09
2003-05-26,6.15,6.25,6.15,6.25,264100,5.13
2003-05-23,6.20,6.20,6.15,6.20,283800,5.09
2003-05-22,6.10,6.20,6.10,6.20,56000,5.09
2003-05-21,6.15,6.15,6.10,6.10,15700,5.01
2003-05-20,6.15,6.20,6.15,6.20,19100,5.09
2003-05-19,6.15,6.20,6.15,6.20,12000,5.09
2003-05-16,6.15,6.15,6.15,6.15,1800,5.05
2003-05-15,6.15,6.15,6.15,6.15,000,5.05
2003-05-14,6.15,6.15,6.15,6.15,000,5.05
2003-05-13,6.15,6.15,6.10,6.15,54600,5.05
2003-05-12,6.10,6.10,6.10,6.10,12100,5.01
2003-05-09,6.10,6.10,6.10,6.10,24000,5.01
2003-05-08,6.10,6.20,6.10,6.15,14400,5.05
2003-05-07,6.20,6.20,6.20,6.20,604300,5.09
2003-05-06,6.15,6.20,6.15,6.15,538100,5.05
2003-05-05,6.10,6.20,6.05,6.20,197900,5.09
2003-05-02,6.10,6.15,6.10,6.10,22600,5.01
2003-05-01,6.05,6.05,6.05,6.05,000,4.97
2003-04-30,6.05,6.05,6.00,6.05,89000,4.97
2003-04-29,6.05,6.05,6.00,6.05,36000,4.97
2003-04-28,6.10,6.10,6.05,6.05,000,4.97
2003-04-25,6.05,6.10,6.05,6.05,3900,4.97
2003-04-24,6.05,6.10,6.05,6.05,33000,4.97
2003-04-23,6.00,6.05,6.00,6.05,10000,4.97
2003-04-22,6.10,6.10,6.10,6.10,14000,5.01
2003-04-21,6.15,6.15,6.15,6.15,10000,5.05
2003-04-18,6.15,6.15,6.10,6.15,111000,5.05
2003-04-17,6.15,6.15,6.10,6.15,140000,5.05
2003-04-16,6.00,6.15,6.00,6.15,67000,5.05
2003-04-15,5.95,6.00,5.95,6.00,126000,4.93
2003-04-14,5.95,5.95,5.95,5.95,66000,4.89
2003-04-11,5.90,5.95,5.90,5.95,75000,4.89
2003-04-10,5.90,5.90,5.90,5.90,68000,4.85
2003-04-09,5.95,5.95,5.90,5.90,35000,4.85
2003-04-08,5.95,5.95,5.95,5.95,2000,4.89
2003-04-07,5.90,5.95,5.90,5.95,21000,4.89
2003-04-04,5.90,5.95,5.90,5.95,11000,4.89
2003-04-03,5.95,5.95,5.85,5.85,000,4.81
2003-04-02,5.95,5.95,5.95,5.95,3000,4.89
2003-04-01,5.95,5.95,5.95,5.95,2000,4.89
2003-03-31,5.95,5.95,5.85,5.85,000,4.81
2003-03-28,5.95,5.95,5.95,5.95,1000,4.89
2003-03-27,5.95,5.95,5.95,5.95,3000,4.89
2003-03-26,5.95,5.95,5.95,5.95,2000,4.89
2003-03-25,5.95,5.95,5.95,5.95,9000,4.89
2003-03-24,5.95,5.95,5.95,5.95,4000,4.89
2003-03-21,5.90,5.95,5.80,5.95,43000,4.89
2003-03-20,5.90,5.90,5.85,5.90,10000,4.85
2003-03-19,5.90,5.90,5.85,5.85,2000,4.81
2003-03-18,5.95,5.95,5.95,5.95,70000,4.89
2003-03-17,5.85,5.95,5.85,5.95,44000,4.89
2003-03-14,5.90,5.90,5.85,5.90,27000,4.85
2003-03-13,5.80,5.80,5.80,5.80,1000,4.76
2003-03-12,5.90,5.90,5.90,5.90,4000,4.85
2003-03-11,5.80,5.85,5.80,5.85,21000,4.81
2003-03-10,5.90,5.90,5.85,5.85,45000,4.81
2003-03-07,5.95,5.95,5.90,5.90,363000,4.85
2003-03-06,5.95,5.95,5.95,5.95,18000,4.89
2003-03-05,5.95,5.95,5.95,5.95,14000,4.89
2003-03-04,6.00,6.00,6.00,6.00,000,4.93
2003-03-03,5.95,6.05,5.95,6.00,89000,4.93
2003-02-28,5.95,5.95,5.95,5.95,52000,4.89
2003-02-27,5.95,6.00,5.95,6.00,75000,4.93
2003-02-26,6.00,6.00,6.00,6.00,2000,4.93
2003-02-25,5.95,6.00,5.95,6.00,224000,4.93
2003-02-24,5.90,5.90,5.90,5.90,2000,4.85
2003-02-21,6.00,6.00,6.00,6.00,92000,4.93
2003-02-20,6.00,6.00,6.00,6.00,201000,4.93
2003-02-19,6.00,6.00,6.00,6.00,36000,4.93
2003-02-18,6.00,6.00,6.00,6.00,27000,4.93
2003-02-17,6.00,6.00,6.00,6.00,317000,4.93
2003-02-14,6.00,6.00,6.00,6.00,16000,4.93
2003-02-13,5.95,6.00,5.95,6.00,36000,4.93
2003-02-12,6.05,6.05,6.05,6.05,000,4.97
2003-02-11,6.05,6.05,6.00,6.05,33000,4.97
2003-02-10,5.90,6.05,5.90,6.05,167000,4.97
2003-02-07,6.00,6.00,6.00,6.00,24000,4.93
2003-02-06,6.05,6.05,6.00,6.00,17000,4.93
2003-02-05,6.00,6.05,6.00,6.05,78000,4.97
2003-02-04,5.95,5.95,5.95,5.95,000,4.89
2003-02-03,5.95,5.95,5.95,5.95,000,4.89
2003-01-31,5.95,5.95,5.95,5.95,000,4.89
2003-01-30,5.95,5.95,5.95,5.95,14000,4.89
2003-01-29,6.00,6.00,5.90,5.90,000,4.85
2003-01-28,6.00,6.10,6.00,6.10,51000,5.01
2003-01-27,5.95,6.05,5.95,6.05,155000,4.97
2003-01-24,5.95,5.95,5.95,5.95,251000,4.89
2003-01-23,5.95,5.95,5.95,5.95,100000,4.89
2003-01-22,6.00,6.00,5.95,5.95,103000,4.89
2003-01-21,6.00,6.05,5.95,6.00,105000,4.93
2003-01-20,6.00,6.05,6.00,6.05,53000,4.97
2003-01-17,5.95,6.00,5.95,5.95,257000,4.89
2003-01-16,5.85,6.00,5.85,6.00,426000,4.93
2003-01-15,5.90,5.90,5.85,5.85,6000,4.81
2003-01-14,5.80,5.90,5.80,5.85,110000,4.81
2003-01-13,5.85,5.90,5.85,5.90,13000,4.85
2003-01-10,5.70,5.85,5.70,5.80,33000,4.76
2003-01-09,5.70,5.70,5.70,5.70,8000,4.68
2003-01-08,5.75,5.75,5.70,5.70,000,4.68
2003-01-07,5.75,5.75,5.75,5.75,2000,4.72
2003-01-06,5.75,5.75,5.75,5.75,1000,4.72
2003-01-03,5.70,5.75,5.70,5.75,12000,4.72
2003-01-02,5.65,5.70,5.65,5.70,33000,4.68
2003-01-01,5.65,5.65,5.65,5.65,000,4.64
2002-12-31,5.65,5.65,5.65,5.65,3000,4.64
2002-12-30,5.70,5.70,5.65,5.65,2000,4.64
2002-12-27,5.60,5.65,5.60,5.60,52000,4.60
2002-12-26,5.60,5.65,5.60,5.65,64000,4.64
2002-12-25,5.75,5.75,5.75,5.75,000,4.72
2002-12-24,5.60,5.75,5.60,5.75,4000,4.72
2002-12-23,5.65,5.65,5.60,5.60,42000,4.60
2002-12-20,5.55,5.60,5.55,5.55,162000,4.56
2002-12-19,5.55,5.55,5.55,5.55,27000,4.56
2002-12-18,5.60,5.60,5.55,5.55,83000,4.56
2002-12-17,5.60,5.65,5.60,5.60,265000,4.60
2002-12-16,5.65,5.65,5.60,5.60,68000,4.60
2002-12-13,5.70,5.70,5.65,5.65,000,4.64
2002-12-12,5.65,5.70,5.65,5.70,28000,4.68
2002-12-11,5.65,5.65,5.65,5.65,41000,4.64
2002-12-10,5.70,5.70,5.60,5.60,29000,4.60
2002-12-09,5.65,5.70,5.60,5.70,4000,4.68
2002-12-06,5.65,5.65,5.65,5.65,000,4.64
2002-12-05,5.65,5.65,5.65,5.65,000,4.64
2002-12-04,5.65,5.65,5.65,5.65,29000,4.64
2002-12-03,5.70,5.70,5.70,5.70,8000,4.68
2002-12-02,5.75,5.75,5.75,5.75,000,4.72
2002-11-29,5.80,5.80,5.75,5.75,000,4.72
2002-11-28,5.85,5.85,5.80,5.80,31000,4.76
2002-11-27,5.85,5.85,5.80,5.85,7000,4.81
2002-11-26,5.90,5.90,5.85,5.90,32000,4.85
2002-11-25,5.90,5.90,5.90,5.90,32000,4.85
2002-11-22,5.90,5.95,5.90,5.90,98000,4.85
2002-11-21,5.90,5.90,5.90,5.90,1000,4.85
2002-11-20,6.00,6.00,5.95,5.95,63000,4.89
2002-11-19,6.00,6.00,5.95,5.95,28000,4.89
2002-11-18,6.00,6.00,6.00,6.00,9000,4.93
2002-11-15,6.00,6.05,6.00,6.00,30000,4.93
2002-11-14,6.00,6.00,6.00,6.00,72000,4.93
2002-11-13,6.00,6.05,6.00,6.00,47000,4.93
2002-11-12,6.00,6.00,5.95,6.00,63000,4.93
2002-11-11,6.00,6.00,6.00,6.00,153000,4.93
2002-11-08,6.00,6.05,6.00,6.05,122000,4.97
2002-11-07,6.00,6.00,5.95,6.00,51000,4.93
2002-11-06,5.95,6.00,5.95,6.00,40000,4.93
2002-11-05,5.95,5.95,5.95,5.95,11000,4.89
2002-11-04,6.00,6.00,6.00,6.00,000,4.93
2002-11-01,6.00,6.00,5.95,6.00,32000,4.93
2002-10-31,6.00,6.00,5.95,5.95,26000,4.89
2002-10-30,6.00,6.00,6.00,6.00,60000,4.93
2002-10-29,6.00,6.00,6.00,6.00,55000,4.93
2002-10-28,6.00,6.00,6.00,6.00,51000,4.93
2002-10-25,6.00,6.00,5.95,5.95,31000,4.89
2002-10-24,6.00,6.00,5.95,5.95,28000,4.89
2002-10-23,5.95,6.00,5.95,6.00,47000,4.93
2002-10-22,5.95,5.95,5.95,5.95,1000,4.89
2002-10-21,5.90,5.90,5.90,5.90,33000,4.85
2002-10-18,5.95,5.95,5.90,5.90,32000,4.85
2002-10-17,5.85,5.90,5.85,5.90,30000,4.85
2002-10-16,5.85,5.90,5.85,5.90,7000,4.85
2002-10-15,5.85,5.85,5.80,5.85,64000,4.81
2002-10-14,5.85,5.85,5.85,5.85,22000,4.81
2002-10-11,5.90,5.90,5.90,5.90,24000,4.85
2002-10-10,5.85,5.90,5.85,5.90,7000,4.85
2002-10-09,6.00,6.00,5.95,5.95,8000,4.89
2002-10-08,5.95,6.00,5.95,6.00,51000,4.93
2002-10-07,6.00,6.00,6.00,6.00,62000,4.93
2002-10-04,6.00,6.05,6.00,6.00,161000,4.93
2002-10-03,6.00,6.00,6.00,6.00,28000,4.93
2002-10-02,6.00,6.00,6.00,6.00,285000,4.93
2002-10-01,5.95,6.00,5.95,6.00,221000,4.93
2002-09-30,6.00,6.00,5.95,5.95,105000,4.89
2002-09-27,6.00,6.00,5.95,6.00,100000,4.93
2002-09-26,5.95,6.00,5.95,6.00,372000,4.93
2002-09-25,6.00,6.00,5.90,5.90,366000,4.85
2002-09-24,6.00,6.05,5.95,6.05,98000,4.97
2002-09-23,6.00,6.05,6.00,6.05,99000,4.97
2002-09-20,6.00,6.00,6.00,6.00,180000,4.93
2002-09-19,6.00,6.00,6.00,6.00,280000,4.93
2002-09-18,6.10,6.10,5.95,5.95,250000,4.89
2002-09-17,6.05,6.05,6.00,6.05,80000,4.97
2002-09-16,6.00,6.05,6.00,6.05,54000,4.97
2002-09-13,6.00,6.05,6.00,6.00,199000,4.93
2002-09-12,6.00,6.05,6.00,6.05,21000,4.97
2002-09-11,5.90,6.00,5.90,6.00,52000,4.93
2002-09-10,5.90,5.90,5.85,5.85,20000,4.81
2002-09-09,5.90,5.90,5.90,5.90,24000,4.85
2002-09-06,6.05,6.05,5.95,6.00,178000,4.93
2002-09-05,6.00,6.05,6.00,6.00,26000,4.93
2002-09-04,6.00,6.05,6.00,6.00,207000,4.93
2002-09-03,6.00,6.00,6.00,6.00,90000,4.93
2002-09-02,6.00,6.00,6.00,6.00,10000,4.93
2002-08-30,6.00,6.00,6.00,6.00,66000,4.93
2002-08-29,6.00,6.05,6.00,6.00,73000,4.93
2002-08-28,6.05,6.05,6.05,6.05,3000,4.97
2002-08-27,6.05,6.05,6.05,6.05,11000,4.97
2002-08-26,6.05,6.05,6.05,6.05,29000,4.97
2002-08-23,6.00,6.00,6.00,6.00,000,4.93
2002-08-22,6.05,6.05,6.00,6.00,41000,4.93
2002-08-21,6.00,6.00,6.00,6.00,9000,4.93
2002-08-20,6.05,6.05,6.00,6.00,62000,4.93
2002-08-19,6.00,6.00,6.00,6.00,143000,4.93
2002-08-16,6.05,6.10,6.00,6.00,305000,4.93
2002-08-15,6.00,6.05,6.00,6.05,219000,4.97
2002-08-14,6.00,6.05,6.00,6.05,9000,4.97
2002-08-13,6.00,6.05,6.00,6.00,19000,4.93
2002-08-12,6.00,6.00,6.00,6.00,60000,4.93
2002-08-09,6.05,6.05,6.00,6.00,70000,4.93
2002-08-08,6.10,6.10,6.10,6.10,51000,5.01
2002-08-07,6.05,6.10,6.05,6.10,17000,5.01
2002-08-06,6.05,6.15,6.05,6.05,236000,4.97
2002-08-05,6.00,6.10,6.00,6.10,96000,5.01
2002-08-02,5.95,6.00,5.95,5.95,7000,4.89
2002-08-01,5.95,6.00,5.95,6.00,4000,4.93
2002-07-31,5.95,6.00,5.95,5.95,10000,4.89
2002-07-30,5.90,6.05,5.90,5.95,96000,4.89
2002-07-29,5.90,5.90,5.85,5.90,121000,4.85
2002-07-26,5.90,5.90,5.85,5.90,108000,4.85
2002-07-25,6.00,6.00,5.90,5.90,59000,4.85
2002-07-24,5.90,5.90,5.90,5.90,121000,4.85
2002-07-23,5.80,5.95,5.80,5.95,34000,4.89
2002-07-22,5.90,5.90,5.85,5.90,68000,4.85
2002-07-19,5.90,5.95,5.90,5.95,29000,4.89
2002-07-18,5.95,5.95,5.90,5.95,86000,4.89
2002-07-17,5.90,5.90,5.90,5.90,53000,4.85
2002-07-16,5.95,5.95,5.90,5.90,54000,4.85
2002-07-15,5.80,5.95,5.80,5.95,20000,4.89
2002-07-12,5.90,5.95,5.90,5.95,34000,4.89
2002-07-11,5.90,5.90,5.85,5.90,25000,4.85
2002-07-10,5.90,5.90,5.85,5.85,17000,4.81
2002-07-09,5.80,5.90,5.80,5.90,3000,4.85
2002-07-08,5.95,5.95,5.90,5.90,2000,4.85
2002-07-05,6.00,6.00,5.95,6.00,74000,4.93
2002-07-04,5.90,5.95,5.85,5.95,41000,4.89
2002-07-03,5.80,5.95,5.80,5.90,19000,4.85
2002-07-02,5.80,5.90,5.80,5.90,11000,4.85
2002-07-01,5.90,5.90,5.80,5.80,000,4.76
2002-06-28,5.80,5.95,5.80,5.90,116000,4.85
2002-06-27,5.70,5.80,5.70,5.80,26000,4.76
2002-06-26,5.90,5.90,5.65,5.65,153000,4.64
2002-06-25,5.70,5.80,5.65,5.80,91000,4.76
2002-06-24,5.75,5.75,5.65,5.70,105000,4.68
2002-06-21,5.85,5.85,5.75,5.75,49000,4.72
2002-06-20,5.90,5.90,5.85,5.85,24000,4.81
2002-06-19,5.90,5.90,5.85,5.85,4000,4.81
2002-06-18,5.90,5.90,5.85,5.85,15000,4.81
2002-06-17,5.85,5.90,5.85,5.90,6000,4.85
2002-06-14,5.85,6.00,5.85,6.00,73000,4.93
2002-06-13,5.80,5.90,5.80,5.90,75000,4.85
2002-06-12,5.85,5.85,5.80,5.85,15000,4.81
2002-06-11,5.85,5.85,5.80,5.80,36000,4.76
2002-06-10,5.85,5.85,5.80,5.85,35000,4.81
2002-06-07,5.85,5.90,5.85,5.85,77000,4.81
2002-06-06,5.85,5.85,5.85,5.85,26000,4.81
2002-06-05,5.85,5.85,5.80,5.80,11000,4.76
2002-06-04,5.85,5.85,5.80,5.80,48000,4.76
2002-06-03,6.00,6.00,5.80,5.80,12000,4.76
2002-05-31,5.75,6.05,5.70,6.05,54000,4.97
2002-05-30,5.80,5.80,5.80,5.80,1000,4.76
2002-05-29,5.70,5.85,5.70,5.85,63000,4.81
2002-05-28,5.80,5.90,5.80,5.85,58000,4.81
2002-05-24,5.80,5.85,5.70,5.85,238000,4.81
2002-05-23,5.90,5.90,5.80,5.80,27000,4.76
2002-05-22,5.90,5.90,5.85,5.90,28000,4.85
2002-05-21,5.95,5.95,5.90,5.95,54000,4.89
2002-05-20,6.05,6.05,5.95,5.95,12000,4.89
2002-05-17,5.95,5.95,5.90,5.95,6000,4.89
2002-05-16,5.95,5.95,5.90,5.95,21000,4.89
2002-05-15,5.95,5.95,5.90,5.95,8000,4.89
2002-05-14,5.90,5.95,5.90,5.95,6000,4.89
2002-05-13,5.95,5.95,5.95,5.95,6000,4.89
2002-05-10,6.00,6.00,6.00,6.00,34000,4.93
2002-05-09,6.05,6.10,5.95,6.05,25000,4.97
2002-05-08,6.00,6.05,6.00,6.05,17000,4.97
2002-05-07,6.05,6.05,5.80,6.00,165000,4.93
2002-05-06,6.10,6.10,6.05,6.10,19000,5.01
2002-05-03,6.05,6.10,6.00,6.10,22000,5.01
2002-05-02,6.05,6.05,6.00,6.05,114000,4.97
2002-05-01,6.05,6.05,6.05,6.05,000,4.97
2002-04-30,6.05,6.10,6.05,6.05,24000,4.97
2002-04-29,6.10,6.10,6.00,6.05,191000,4.97
2002-04-26,6.20,6.20,6.05,6.05,140000,4.97
2002-04-25,6.10,6.10,6.10,6.10,000,5.01
2002-04-24,6.20,6.20,6.10,6.10,100000,5.01
2002-04-23,6.15,6.20,6.10,6.20,66000,5.09
2002-04-22,6.10,6.20,6.10,6.15,137000,5.05
2002-04-19,6.10,6.10,6.00,6.05,30000,4.97
2002-04-18,6.20,6.20,6.05,6.10,52000,5.01
2002-04-17,6.00,6.10,6.00,6.10,74000,5.01
2002-04-16,6.00,6.00,5.90,6.00,80000,4.93
2002-04-15,5.95,6.05,5.95,6.00,160000,4.93
2002-04-12,5.95,5.95,5.90,5.95,27000,4.89
2002-04-11,6.00,6.00,5.90,5.95,75000,4.89
2002-04-10,6.05,6.05,6.00,6.00,84000,4.93
2002-04-09,5.95,6.10,5.95,6.00,289000,4.93
2002-04-08,6.00,6.00,5.95,6.00,214000,4.93
2002-04-05,6.00,6.00,5.95,6.00,99000,4.93
2002-04-04,5.95,5.95,5.90,5.95,27000,4.89
2002-04-03,5.95,6.00,5.90,6.00,78000,4.93
2002-04-02,6.05,6.05,5.95,6.00,42000,4.93
2002-04-01,6.05,6.10,5.95,6.10,28000,5.01
2002-03-29,5.95,6.10,5.95,6.05,90000,4.97
2002-03-28,5.90,6.00,5.80,6.00,160000,4.93
2002-03-27,5.90,5.95,5.90,5.90,173000,4.85
2002-03-26,5.90,5.95,5.90,5.95,128000,4.89
2002-03-25,5.90,5.95,5.90,5.95,51000,4.89
2002-03-22,5.90,5.95,5.90,5.95,17000,4.89
2002-03-21,5.85,5.95,5.85,5.90,87000,4.85
2002-03-20,5.90,5.95,5.85,5.90,55000,4.85
2002-03-19,5.90,5.95,5.85,5.85,29000,4.81
2002-03-18,5.90,5.95,5.85,5.95,108000,4.89
2002-03-15,5.90,5.90,5.90,5.90,000,4.85
2002-03-14,6.00,6.00,5.80,5.90,63000,4.85
2002-03-13,5.70,6.00,5.70,6.00,316000,4.93
2002-03-12,5.65,5.70,5.60,5.70,623000,4.68
2002-03-11,5.65,5.70,5.60,5.70,426000,4.68
2002-03-08,5.65,5.70,5.60,5.60,344000,4.60
2002-03-07,5.70,5.70,5.55,5.55,119000,4.56
2002-03-06,5.65,5.70,5.65,5.70,153000,4.68
2002-03-05,5.70,5.70,5.65,5.70,268000,4.68
2002-03-04,5.70,5.70,5.65,5.70,21000,4.68
2002-03-01,5.70,5.70,5.65,5.70,41000,4.68
2002-02-28,5.60,5.70,5.50,5.70,210000,4.68
2002-02-27,5.60,5.60,5.60,5.60,180000,4.60
2002-02-26,5.75,5.75,5.65,5.70,23000,4.68
2002-02-25,5.75,5.75,5.50,5.60,130000,4.60
2002-02-22,5.80,5.90,5.70,5.80,93000,4.76
2002-02-21,5.85,5.85,5.70,5.80,48000,4.76
2002-02-20,5.95,5.95,5.85,5.85,37000,4.81
2002-02-19,6.30,6.35,6.25,6.25,229000,5.13
2002-02-18,6.30,6.35,6.25,6.30,330000,5.18
2002-02-15,6.25,6.30,6.25,6.30,57000,5.18
2002-02-14,6.25,6.35,6.20,6.25,136000,5.13
2002-02-13,6.20,6.20,6.20,6.20,000,5.09
2002-02-12,6.20,6.20,6.20,6.20,000,5.09
2002-02-11,6.20,6.20,6.20,6.20,000,5.09
2002-02-08,6.15,6.20,6.10,6.20,41000,5.09
2002-02-07,6.00,6.05,6.00,6.05,123000,4.97
2002-02-06,6.20,6.20,6.05,6.05,70000,4.97
2002-02-05,6.20,6.30,6.15,6.20,129000,5.09
2002-02-04,6.10,6.40,6.10,6.30,198000,5.18
2002-02-01,6.40,6.40,6.40,6.40,000,5.26
2002-01-31,6.40,6.40,6.40,6.40,000,5.26
2002-01-30,5.90,6.40,5.90,6.40,187000,5.26
2002-01-29,5.90,5.90,5.85,5.85,42000,4.81
2002-01-28,5.80,5.90,5.80,5.85,75000,4.81
2002-01-25,5.70,5.70,5.65,5.70,27000,4.68
2002-01-24,5.75,5.75,5.65,5.65,69000,4.64
2002-01-23,5.60,5.70,5.60,5.70,35000,4.68
2002-01-22,5.65,5.70,5.60,5.60,29000,4.60
2002-01-21,5.50,5.60,5.50,5.60,37000,4.60
2002-01-18,5.50,5.50,5.45,5.50,23000,4.52
2002-01-17,5.40,5.50,5.40,5.45,65000,4.48
2002-01-16,5.40,5.45,5.40,5.40,422000,4.44
2002-01-15,5.40,5.45,5.35,5.35,144000,4.39
2002-01-14,5.35,5.45,5.35,5.45,37000,4.48
2002-01-11,5.50,5.50,5.35,5.40,180000,4.44
2002-01-10,5.55,5.55,5.45,5.45,126000,4.48
2002-01-09,5.45,5.50,5.45,5.50,89000,4.52
2002-01-08,5.45,5.45,5.35,5.40,40000,4.44
2002-01-07,5.30,5.50,5.30,5.45,47000,4.48
2002-01-04,5.15,5.30,5.15,5.25,144000,4.31
2002-01-03,5.10,5.10,5.10,5.10,000,4.19
2002-01-02,5.20,5.20,5.10,5.10,34000,4.19
2002-01-01,5.20,5.20,5.20,5.20,000,4.27
2001-12-31,5.25,5.25,5.20,5.20,38000,4.27
2001-12-28,5.25,5.25,5.20,5.20,146000,4.27
2001-12-27,5.15,5.30,5.15,5.25,239000,4.31
2001-12-26,5.15,5.20,5.15,5.15,160000,4.23
2001-12-25,5.15,5.15,5.15,5.15,000,4.23
2001-12-24,5.10,5.20,5.10,5.15,21000,4.23
2001-12-21,5.05,5.05,4.98,4.98,168000,4.09
2001-12-20,5.05,5.10,5.00,5.05,60000,4.15
2001-12-19,5.00,5.00,5.00,5.00,000,4.11
2001-12-18,5.00,5.00,5.00,5.00,000,4.11
2001-12-17,5.00,5.00,5.00,5.00,000,4.11
2001-12-14,5.00,5.05,5.00,5.00,233000,4.11
2001-12-13,5.10,5.10,4.98,5.00,78000,4.11
2001-12-12,5.10,5.10,5.05,5.10,52000,4.19
2001-12-11,5.10,5.10,5.05,5.10,21000,4.19
2001-12-10,5.00,5.05,5.00,5.05,44000,4.15
2001-12-07,4.98,5.00,4.98,5.00,220000,4.11
2001-12-06,5.05,5.05,4.96,4.96,306000,4.07
2001-12-05,4.98,5.05,4.98,5.00,865000,4.11
2001-12-04,4.96,4.98,4.96,4.98,22000,4.09
2001-12-03,4.98,4.98,4.96,4.98,116000,4.09
2001-11-30,4.98,4.98,4.96,4.98,43000,4.09
2001-11-29,4.98,4.98,4.96,4.98,51000,4.09
2001-11-28,4.96,4.98,4.94,4.98,15000,4.09
2001-11-27,4.98,4.98,4.96,4.98,102000,4.09
2001-11-26,5.00,5.00,4.98,4.98,58000,4.09
2001-11-23,4.98,5.00,4.98,5.00,230000,4.11
2001-11-22,4.98,4.98,4.98,4.98,000,4.09
2001-11-21,4.96,4.98,4.96,4.98,19000,4.09
2001-11-20,4.96,5.00,4.96,4.98,638000,4.09
2001-11-19,4.86,4.96,4.86,4.96,214000,4.07
2001-11-16,4.82,4.86,4.82,4.84,214000,3.98
2001-11-15,4.80,4.84,4.80,4.82,247000,3.96
2001-11-14,4.70,4.70,4.70,4.70,000,3.86
2001-11-13,4.64,4.72,4.64,4.70,86000,3.86
2001-11-12,4.56,4.56,4.54,4.56,90000,3.75
2001-11-09,4.58,4.58,4.58,4.58,000,3.76
2001-11-08,4.54,4.58,4.52,4.58,51000,3.76
2001-11-07,4.70,4.70,4.54,4.54,248000,3.73
2001-11-06,4.92,4.96,4.82,4.82,651000,3.96
2001-11-05,4.92,4.92,4.88,4.90,158000,4.03
2001-11-02,4.88,4.90,4.86,4.90,97000,4.03
2001-11-01,4.82,4.90,4.82,4.88,115000,4.01
2001-10-31,4.68,4.76,4.68,4.76,197000,3.91
2001-10-30,4.66,4.68,4.62,4.68,435000,3.84
2001-10-29,4.70,4.74,4.68,4.68,223000,3.84
2001-10-26,4.68,4.70,4.68,4.68,210000,3.84
2001-10-25,4.66,4.72,4.64,4.66,273000,3.83
2001-10-24,4.50,4.60,4.50,4.60,1241000,3.78
2001-10-23,4.46,4.46,4.46,4.46,1000,3.66
2001-10-22,4.48,4.48,4.48,4.48,11000,3.68
2001-10-19,4.44,4.50,4.44,4.50,104000,3.70
2001-10-18,4.50,4.50,4.44,4.44,52000,3.65
2001-10-17,4.50,4.50,4.48,4.50,20000,3.70
2001-10-16,4.50,4.50,4.48,4.48,26000,3.68
2001-10-15,4.48,4.50,4.48,4.50,3000,3.70
2001-10-12,4.48,4.50,4.48,4.50,20000,3.70
2001-10-11,4.50,4.50,4.48,4.50,22000,3.70
2001-10-10,4.48,4.50,4.48,4.50,20000,3.70
2001-10-09,4.50,4.52,4.50,4.50,26000,3.70
2001-10-08,4.40,4.48,4.40,4.48,3000,3.68
2001-10-05,4.50,4.50,4.50,4.50,22000,3.70
2001-10-04,4.50,4.52,4.48,4.48,37000,3.68
2001-10-03,4.68,4.68,4.50,4.50,000,3.70
2001-10-02,4.50,4.52,4.50,4.50,191000,3.70
2001-10-01,4.50,4.50,4.50,4.50,68000,3.70
2001-09-28,4.50,4.50,4.50,4.50,000,3.70
2001-09-27,4.50,4.52,4.50,4.50,64000,3.70
2001-09-26,4.40,4.50,4.40,4.50,15000,3.70
2001-09-25,4.38,4.40,4.36,4.40,9000,3.61
2001-09-24,4.40,4.40,4.40,4.40,000,3.61
2001-09-21,4.50,4.50,4.36,4.40,189000,3.61
2001-09-20,4.48,4.54,4.48,4.50,198000,3.70
2001-09-19,4.22,4.50,4.22,4.50,33000,3.70
2001-09-18,4.40,4.50,4.20,4.20,115000,3.45
2001-09-17,4.50,4.50,4.12,4.20,115000,3.45
2001-09-14,4.64,4.64,4.58,4.60,122000,3.78
2001-09-13,4.60,4.74,4.60,4.72,80000,3.88
2001-09-12,4.84,4.84,4.84,4.84,000,3.98
2001-09-11,4.86,4.86,4.84,4.84,41000,3.98
2001-09-10,4.88,4.88,4.86,4.86,46000,3.99
2001-09-07,4.86,4.88,4.84,4.84,132000,3.98
2001-09-06,4.88,4.88,4.86,4.86,7000,3.99
2001-09-05,4.86,4.86,4.84,4.86,9000,3.99
2001-09-04,4.86,4.88,4.86,4.88,4000,4.01
2001-09-03,4.88,4.88,4.86,4.86,26000,3.99
2001-08-31,4.86,4.86,4.86,4.86,000,3.99
2001-08-30,4.90,4.90,4.84,4.86,50000,3.99
2001-08-29,4.86,4.90,4.86,4.90,35000,4.03
2001-08-28,4.90,4.90,4.82,4.82,228000,3.96
2001-08-27,4.90,4.90,4.90,4.90,217000,4.03
2001-08-24,4.92,4.92,4.88,4.88,18000,4.01
2001-08-23,4.86,4.88,4.86,4.88,11000,4.01
2001-08-22,4.86,4.86,4.86,4.86,1000,3.99
2001-08-21,4.82,4.84,4.82,4.82,24000,3.96
2001-08-20,4.82,4.82,4.82,4.82,24000,3.96
2001-08-17,4.84,4.84,4.82,4.84,247000,3.98
2001-08-16,4.82,4.86,4.82,4.84,156000,3.98
2001-08-15,4.84,4.86,4.82,4.82,70000,3.96
2001-08-14,4.82,4.84,4.82,4.84,24000,3.98
2001-08-13,4.80,4.80,4.80,4.80,141000,3.94
2001-08-10,4.80,4.82,4.80,4.82,110000,3.96
2001-08-09,4.80,4.84,4.80,4.80,46000,3.94
2001-08-08,4.86,4.88,4.86,4.86,228000,3.99
2001-08-07,4.86,4.86,4.82,4.86,89000,3.99
2001-08-06,4.88,4.88,4.84,4.86,156000,3.99
2001-08-03,4.90,4.90,4.88,4.88,193000,4.01
2001-08-02,4.88,4.90,4.88,4.90,105000,4.03
2001-08-01,4.86,4.88,4.82,4.88,237000,4.01
2001-07-31,4.86,4.88,4.84,4.86,105000,3.99
2001-07-30,4.80,4.88,4.80,4.84,83000,3.98
2001-07-27,4.74,4.78,4.74,4.78,34000,3.93
2001-07-26,4.66,4.74,4.66,4.74,47000,3.89
2001-07-25,4.60,4.68,4.60,4.66,366000,3.83
2001-07-24,4.58,4.60,4.58,4.60,220000,3.78
2001-07-23,4.58,4.60,4.58,4.58,271000,3.76
2001-07-20,4.64,4.66,4.56,4.56,422000,3.75
2001-07-19,4.72,4.74,4.62,4.62,243000,3.80
2001-07-18,4.74,4.80,4.72,4.72,140000,3.88
2001-07-17,4.66,4.68,4.66,4.68,46000,3.84
2001-07-16,4.66,4.70,4.66,4.66,29000,3.83
2001-07-13,4.62,4.64,4.60,4.64,22000,3.81
2001-07-12,4.60,4.62,4.58,4.60,19000,3.78
2001-07-11,4.78,4.78,4.48,4.60,79000,3.78
2001-07-10,4.80,4.80,4.74,4.74,59000,3.89
2001-07-09,4.80,4.82,4.80,4.80,29000,3.94
2001-07-06,4.86,4.86,4.84,4.84,13000,3.98
2001-07-05,4.80,4.88,4.80,4.84,162000,3.98
2001-07-04,4.80,4.80,4.80,4.80,3000,3.94
2001-07-03,4.80,4.80,4.80,4.80,7000,3.94
2001-07-02,4.70,4.78,4.70,4.78,8000,3.93
2001-06-29,4.82,4.82,4.70,4.80,40000,3.94
2001-06-28,4.88,4.88,4.80,4.80,30000,3.94
2001-06-27,4.88,4.88,4.88,4.88,26000,4.01
2001-06-26,4.88,4.88,4.88,4.88,14000,4.01
2001-06-25,4.86,4.88,4.84,4.88,112000,4.01
2001-06-22,4.86,4.86,4.84,4.84,7000,3.98
2001-06-21,4.84,4.84,4.82,4.82,7000,3.96
2001-06-20,4.86,4.86,4.84,4.86,12000,3.99
2001-06-19,4.86,4.88,4.86,4.86,66000,3.99
2001-06-18,4.88,4.88,4.86,4.88,18000,4.01
2001-06-15,4.88,4.88,4.84,4.84,000,3.98
2001-06-14,4.90,4.90,4.88,4.88,155000,4.01
2001-06-13,4.88,4.90,4.88,4.90,60000,4.03
2001-06-12,4.90,4.90,4.90,4.90,167000,4.03
2001-06-11,4.90,4.90,4.90,4.90,117000,4.03
2001-06-08,4.94,4.94,4.90,4.90,127000,4.03
2001-06-07,4.94,4.96,4.94,4.96,41000,4.07
2001-06-06,4.92,4.96,4.90,4.96,29000,4.07
2001-06-05,4.96,4.96,4.90,4.90,23000,4.03
2001-06-04,4.96,4.96,4.96,4.96,000,4.07
2001-06-01,4.92,4.96,4.92,4.96,12000,4.07
2001-05-31,4.94,4.96,4.94,4.96,18000,4.07
2001-05-30,4.94,4.94,4.94,4.94,9000,4.06
2001-05-29,4.96,5.00,4.94,4.94,41000,4.06
2001-05-28,5.00,5.00,4.96,5.00,23000,4.11
2001-05-25,5.00,5.00,5.00,5.00,26000,4.11
2001-05-24,5.00,5.00,5.00,5.00,70000,4.11
2001-05-23,5.00,5.00,5.00,5.00,17000,4.11
2001-05-22,4.98,5.00,4.98,5.00,000,4.11
2001-05-21,4.98,4.98,4.98,4.98,000,4.09
2001-05-18,5.00,5.00,4.86,4.86,000,3.99
2001-05-17,5.00,5.00,5.00,5.00,000,4.11
2001-05-16,5.00,5.00,4.98,5.00,000,4.11
2001-05-15,5.00,5.00,5.00,5.00,000,4.11
2001-05-14,5.00,5.00,5.00,5.00,000,4.11
2001-05-11,4.94,5.00,4.94,5.00,000,4.11
2001-05-10,5.05,5.05,5.00,5.00,000,4.11
2001-05-09,4.90,5.00,4.90,5.00,000,4.11
2001-05-08,4.86,4.92,4.86,4.92,000,4.04
2001-05-07,4.92,4.92,4.92,4.92,000,4.04
2001-05-04,4.92,4.94,4.90,4.92,18000,4.04
2001-05-03,5.10,5.15,5.00,5.00,42000,4.11
2001-05-02,4.98,5.15,4.98,5.10,87000,4.19
2001-05-01,4.82,4.82,4.82,4.82,000,3.96
2001-04-30,4.76,4.84,4.76,4.82,28000,3.96
2001-04-27,4.62,4.66,4.62,4.66,4000,3.83
2001-04-26,4.50,4.50,4.50,4.50,31000,3.70
2001-04-25,4.50,4.50,4.50,4.50,31000,3.70
2001-04-24,4.52,4.52,4.48,4.48,25000,3.68
2001-04-23,4.56,4.56,4.48,4.48,17000,3.68
2001-04-20,4.60,4.62,4.58,4.58,124000,3.76
2001-04-19,4.60,4.62,4.58,4.58,73000,3.76
2001-04-18,4.54,4.58,4.54,4.58,64000,3.76
2001-04-17,4.62,4.62,4.58,4.60,118000,3.78
2001-04-16,4.64,4.64,4.60,4.64,65000,3.81
2001-04-13,4.58,4.66,4.58,4.64,76000,3.81
2001-04-12,4.58,4.58,4.56,4.58,67000,3.76
2001-04-11,4.50,4.58,4.50,4.58,37000,3.76
2001-04-10,4.58,4.60,4.54,4.54,112000,3.73
2001-04-09,4.58,4.58,4.58,4.58,51000,3.76
2001-04-06,4.56,4.62,4.54,4.62,82000,3.80
2001-04-05,4.52,4.60,4.52,4.54,81000,3.73
2001-04-04,4.60,4.60,4.50,4.50,45000,3.70
2001-04-03,4.88,4.88,4.66,4.66,33000,3.83
2001-04-02,4.92,4.92,4.88,4.88,15000,4.01
2001-03-30,4.92,4.92,4.92,4.92,6000,4.04
2001-03-29,4.94,4.98,4.94,4.98,16000,4.09
2001-03-28,4.98,4.98,4.90,4.90,9000,4.03
2001-03-27,4.98,4.98,4.94,4.94,2000,4.06
2001-03-26,4.92,4.92,4.92,4.92,000,4.04
2001-03-23,4.96,4.96,4.92,4.92,9000,4.04
2001-03-22,4.98,4.98,4.96,4.96,7000,4.07
2001-03-21,5.00,5.00,4.96,4.96,4000,4.07
2001-03-20,4.98,4.98,4.98,4.98,2000,4.09
2001-03-19,5.00,5.00,4.98,5.00,6000,4.11
2001-03-16,5.00,5.05,5.00,5.00,70000,4.11
2001-03-15,5.00,5.05,5.00,5.00,113000,4.11
2001-03-13,5.10,5.15,5.00,5.00,12000,4.11
2001-03-12,5.25,5.25,5.25,5.25,1000,4.31
2001-03-09,5.30,5.30,5.25,5.25,15000,4.31
2001-03-08,5.30,5.30,5.30,5.30,11000,4.35
2001-03-07,5.50,5.50,5.25,5.25,000,4.31
2001-03-06,5.30,5.30,5.30,5.30,000,4.35
2001-03-05,5.30,5.35,5.30,5.30,123000,4.35
2001-03-02,5.30,5.35,5.25,5.30,71000,4.35
2001-03-01,5.30,5.35,5.30,5.35,14000,4.39
2001-02-28,5.45,5.45,5.40,5.40,34000,4.44
2001-02-27,5.50,5.50,5.50,5.50,18000,4.52
2001-02-26,5.50,5.50,5.50,5.50,3000,4.52
2001-02-23,5.50,5.50,5.50,5.50,11000,4.52
2001-02-22,5.50,5.50,5.50,5.50,64000,4.52
2001-02-21,5.60,5.60,5.50,5.50,77000,4.52
2001-02-20,5.60,5.65,5.60,5.60,92000,4.60
2001-02-19,5.70,5.70,5.65,5.65,3000,4.64
2001-02-16,5.70,5.75,5.70,5.70,35000,4.68
2001-02-15,5.70,5.70,5.65,5.70,28000,4.68
2001-02-14,5.80,5.80,5.75,5.75,112000,4.72
2001-02-13,5.75,5.80,5.75,5.80,24000,4.76
2001-02-12,5.80,5.80,5.75,5.75,11000,4.72
2001-02-09,5.75,5.80,5.75,5.80,189000,4.76
2001-02-08,5.75,5.75,5.70,5.75,102000,4.72
2001-02-07,5.80,5.80,5.70,5.75,46000,4.72
2001-02-06,5.75,5.80,5.70,5.75,162000,4.72
2001-02-05,5.75,5.85,5.70,5.75,163000,4.72
2001-02-02,5.65,5.75,5.65,5.75,93000,4.72
2001-01-31,5.70,5.75,5.65,5.70,108000,4.68
2001-01-30,5.70,5.85,5.70,5.70,470000,4.68
2001-01-29,5.70,5.70,5.65,5.70,52000,4.68
2001-01-26,5.70,5.70,5.65,5.70,47000,4.68
2001-01-22,5.70,5.70,5.65,5.70,121000,4.68
2001-01-19,5.65,5.70,5.65,5.70,14000,4.68
2001-01-18,5.65,5.65,5.65,5.65,11000,4.64
2001-01-17,5.60,5.65,5.60,5.65,47000,4.64
2001-01-16,5.70,5.70,5.60,5.60,38000,4.60
2001-01-15,5.70,5.75,5.65,5.70,32000,4.68
2001-01-12,5.75,5.75,5.65,5.70,44000,4.68
2001-01-11,5.75,5.75,5.70,5.75,74000,4.72
2001-01-10,5.65,5.70,5.65,5.70,2000,4.68
2001-01-09,5.75,5.75,5.50,5.50,23000,4.52
2001-01-08,5.75,5.85,5.70,5.70,31000,4.68
2001-01-05,5.80,5.80,5.75,5.75,40000,4.72
2001-01-04,5.90,5.95,5.75,5.75,31000,4.72
2001-01-03,5.80,5.90,5.80,5.90,17000,4.85
2001-01-02,6.10,6.10,5.75,5.75,19000,4.72
2001-01-01,6.20,6.20,6.20,6.20,000,5.09
2000-12-29,6.20,6.20,6.20,6.20,000,5.09
2000-12-28,6.20,6.20,6.20,6.20,000,5.09
2000-12-27,6.20,6.20,6.20,6.20,000,5.09
2000-12-26,6.20,6.20,6.15,6.20,69000,5.09
2000-12-22,6.20,6.20,6.20,6.20,10000,5.09
2000-12-21,6.05,6.30,6.00,6.20,16000,5.09
2000-12-20,6.10,6.20,6.10,6.20,3000,5.09
2000-12-19,6.30,6.30,6.10,6.10,41000,5.01
2000-12-18,6.30,6.30,6.20,6.20,14000,5.09
2000-12-15,6.60,6.60,6.25,6.30,277000,5.18
2000-12-14,6.65,6.65,6.65,6.65,43000,5.46
2000-12-13,6.65,6.65,6.65,6.65,66000,5.46
2000-12-12,6.70,6.75,6.65,6.65,34000,5.46
2000-12-11,6.65,6.70,6.65,6.70,43000,5.50
2000-12-08,6.65,6.70,6.65,6.70,62000,5.50
2000-12-07,6.85,6.85,6.70,6.70,253000,5.50
2000-12-06,6.85,6.85,6.65,6.65,000,5.46
2000-12-05,6.80,6.80,6.60,6.80,24000,5.59
2000-12-04,6.75,7.30,6.75,6.80,299000,5.59
2000-12-01,6.65,6.75,6.65,6.75,13000,5.54
2000-11-30,6.50,6.85,6.50,6.85,19000,5.63
2000-11-29,6.50,6.50,6.50,6.50,2000,5.34
2000-11-28,6.50,6.55,6.50,6.50,30000,5.34
2000-11-27,6.60,6.60,6.45,6.45,73000,5.30
2000-11-24,6.55,6.65,6.55,6.60,5000,5.42
2000-11-23,6.50,6.55,6.50,6.50,11000,5.34
2000-11-22,6.60,6.60,6.50,6.50,17000,5.34
2000-11-21,6.70,6.70,6.60,6.60,15000,5.42
2000-11-20,6.70,6.70,6.70,6.70,23000,5.50
2000-11-17,6.75,6.75,6.65,6.70,34000,5.50
2000-11-16,6.80,6.80,6.80,6.80,45000,5.59
2000-11-15,6.80,6.80,6.80,6.80,71000,5.59
2000-11-14,6.90,6.90,6.80,6.80,78000,5.59
2000-11-13,6.85,6.90,6.85,6.85,51000,5.63
2000-11-10,6.85,6.90,6.85,6.90,24000,5.67
2000-11-09,6.90,6.90,6.90,6.90,37000,5.67
2000-11-08,6.90,6.90,6.85,6.90,43000,5.67
2000-11-07,6.95,6.95,6.90,6.90,20000,5.67
2000-11-06,6.80,6.90,6.80,6.90,41000,5.67
2000-11-03,6.80,7.00,6.80,6.90,556000,5.67
2000-11-02,6.80,6.85,6.80,6.80,164000,5.59
2000-11-01,6.80,6.85,6.80,6.85,133000,5.63
2000-10-31,6.90,6.90,6.80,6.80,11000,5.59
2000-10-30,6.90,6.90,6.85,6.85,4000,5.63
2000-10-27,6.90,6.90,6.90,6.90,000,5.67
2000-10-26,6.90,6.90,6.90,6.90,000,5.67
2000-10-25,6.95,6.95,6.85,6.90,281000,5.67
2000-10-24,6.95,6.95,6.90,6.95,63000,5.71
2000-10-23,6.90,6.95,6.90,6.90,10000,5.67
2000-10-20,6.95,6.95,6.85,6.90,40000,5.67
2000-10-19,6.95,6.95,6.85,6.85,000,5.63
2000-10-18,6.95,6.95,6.90,6.90,65000,5.67
2000-10-17,6.90,6.95,6.85,6.95,249000,5.71
2000-10-16,6.90,6.90,6.90,6.90,000,5.67
2000-10-13,6.85,6.90,6.85,6.90,38000,5.67
2000-10-12,6.85,6.90,6.85,6.90,24000,5.67
2000-10-11,6.85,6.90,6.85,6.85,13000,5.63
2000-10-10,6.90,6.90,6.85,6.85,25000,5.63
2000-10-09,6.90,6.90,6.85,6.90,104000,5.67
2000-10-06,6.90,6.90,6.85,6.90,54000,5.67
2000-10-05,6.80,6.90,6.80,6.90,58000,5.67
2000-10-04,6.70,6.80,6.55,6.75,101000,5.54
2000-10-03,6.90,6.90,6.50,6.50,17000,5.34
2000-10-02,6.35,6.35,6.30,6.35,11000,5.22
2000-09-29,11.00,11.10,11.00,11.00,106000,9.04
2000-09-28,11.10,11.10,11.00,11.00,99000,9.04
2000-09-27,11.00,11.10,10.90,11.00,39000,9.04
2000-09-26,10.90,11.00,10.90,11.00,8000,9.04
2000-09-25,10.30,10.80,10.30,10.70,19000,8.79
2000-09-22,11.10,11.10,10.60,10.60,27000,8.71
2000-09-21,11.20,11.20,11.10,11.20,44000,9.20
2000-09-20,11.20,11.20,11.10,11.20,13000,9.20
2000-09-19,11.20,11.20,11.10,11.20,21000,9.20
2000-09-18,11.20,11.20,11.20,11.20,11000,9.20
2000-09-15,11.20,11.20,11.10,11.20,64000,9.20
2000-09-14,11.30,11.30,11.20,11.20,89000,9.20
2000-09-13,11.30,11.30,11.30,11.30,98000,9.28
2000-09-12,11.30,11.40,11.30,11.30,51000,9.28
2000-09-11,11.30,11.30,11.20,11.20,9000,9.20
2000-09-08,11.30,11.40,11.30,11.40,2000,9.36
2000-09-07,11.20,11.40,11.20,11.40,4000,9.36
2000-09-06,11.20,11.20,11.20,11.20,6000,9.20
2000-09-05,11.50,11.50,11.10,11.10,000,9.12
2000-09-04,10.90,11.00,10.80,11.00,68000,9.04
2000-09-01,11.30,11.30,11.00,11.10,78000,9.12
2000-08-31,11.50,11.50,11.50,11.50,000,9.45
2000-08-30,11.80,11.80,11.50,11.50,62000,9.45
2000-08-29,11.90,11.90,11.80,11.80,65000,9.69
2000-08-28,12.00,12.00,11.90,11.90,21000,9.78
2000-08-25,11.90,11.90,11.80,11.80,63000,9.69
2000-08-24,11.80,11.80,11.80,11.80,1000,9.69
2000-08-23,11.90,11.90,11.80,11.80,36000,9.69
2000-08-22,11.90,11.90,11.90,11.90,26000,9.78
2000-08-21,11.90,11.90,11.90,11.90,4000,9.78
2000-08-18,12.00,12.00,11.90,11.90,5000,9.78
2000-08-17,12.00,12.00,11.90,12.00,99000,9.86
2000-08-16,12.00,12.00,11.90,12.00,123000,9.86
2000-08-15,11.90,12.00,11.90,12.00,37000,9.86
2000-08-14,12.00,12.00,11.90,11.90,22000,9.78
2000-08-11,11.90,11.90,11.90,11.90,387000,9.78
2000-08-10,12.00,12.00,11.90,11.90,657000,9.78
2000-08-09,12.00,12.00,11.90,12.00,40000,9.86
2000-08-08,11.80,12.00,11.80,12.00,12000,9.86
2000-08-07,11.80,11.80,11.80,11.80,7000,9.69
2000-08-04,11.70,11.80,11.60,11.80,161000,9.69
2000-08-03,11.60,11.80,11.60,11.70,91000,9.61
2000-08-02,11.70,11.70,11.70,11.70,100000,9.61
2000-08-01,11.80,12.30,11.80,12.00,51000,9.86
2000-07-31,11.70,11.80,11.70,11.80,270000,9.69
2000-07-28,11.80,11.80,11.70,11.70,140000,9.61
2000-07-27,11.80,11.80,11.70,11.70,149000,9.61
2000-07-26,11.80,11.90,11.80,11.80,234000,9.69
2000-07-25,11.80,11.90,11.60,11.70,161000,9.61
2000-07-24,11.90,11.90,11.70,11.70,59000,9.61
2000-07-21,11.90,12.00,11.90,11.90,256000,9.78
2000-07-20,12.00,12.00,11.90,11.90,869000,9.78
2000-07-19,12.00,12.00,12.00,12.00,29000,9.86
2000-07-18,12.00,12.00,12.00,12.00,29000,9.86
2000-07-17,12.00,12.00,11.90,12.00,78000,9.86
2000-07-14,12.00,12.00,12.00,12.00,33000,9.86
2000-07-13,12.20,12.20,11.90,11.90,68000,9.78
2000-07-12,12.10,12.10,12.10,12.10,110000,9.94
2000-07-11,12.00,12.10,12.00,12.10,59000,9.94
2000-07-10,12.00,12.10,11.90,11.90,52000,9.78
2000-07-07,12.00,12.10,12.00,12.10,47000,9.94
2000-07-06,12.00,12.00,12.00,12.00,20000,9.86
2000-07-05,11.90,12.00,11.90,12.00,3000,9.86
2000-07-04,12.00,12.00,11.90,12.00,26000,9.86
2000-07-03,12.20,12.20,12.00,12.00,12000,9.86
2000-06-30,12.30,12.30,12.20,12.30,104000,10.10
2000-06-29,12.10,12.30,12.10,12.30,9000,10.10
2000-06-28,12.20,12.20,12.10,12.20,11000,10.02
2000-06-27,12.10,12.10,12.00,12.10,12000,9.94
2000-06-26,12.00,12.20,12.00,12.10,5000,9.94
2000-06-23,12.10,12.10,12.00,12.00,11000,9.86
2000-06-22,12.20,12.20,12.20,12.20,14000,10.02
2000-06-21,12.20,12.20,12.20,12.20,1000,10.02
2000-06-20,12.30,12.30,12.20,12.20,10000,10.02
2000-06-19,12.20,12.20,12.20,12.20,13000,10.02
2000-06-16,12.30,12.30,12.30,12.30,9000,10.10
2000-06-15,12.30,12.30,12.30,12.30,000,10.10
2000-06-14,12.40,12.40,12.30,12.30,000,10.10
2000-06-13,12.30,12.30,12.30,12.30,3000,10.10
2000-06-12,12.50,12.50,12.40,12.40,29000,10.19
2000-06-09,12.10,12.50,12.10,12.50,15000,10.27
2000-06-08,12.10,12.10,12.10,12.10,4000,9.94
2000-06-07,12.30,12.30,12.10,12.20,112000,10.02
2000-06-06,12.50,12.60,12.40,12.50,73000,10.27
2000-06-05,12.40,12.50,12.40,12.50,20000,10.27
2000-06-02,12.50,12.50,12.50,12.50,3000,10.27
2000-06-01,12.50,12.50,12.50,12.50,75000,10.27
2000-05-31,12.40,12.50,12.40,12.50,34000,10.27
2000-05-30,12.40,12.40,12.40,12.40,000,10.19
2000-05-29,12.30,12.40,12.30,12.40,6000,10.19
2000-05-26,12.20,12.20,12.10,12.20,75000,10.02
2000-05-25,12.20,12.20,12.20,12.20,26000,10.02
2000-05-24,12.30,12.30,12.30,12.30,11000,10.10
2000-05-23,12.20,12.40,12.00,12.30,50000,10.10
2000-05-22,12.50,12.50,12.20,12.20,21000,10.02
2000-05-19,12.60,12.60,12.40,12.50,28000,10.27
2000-05-18,12.60,12.60,12.60,12.60,000,10.35
2000-05-17,12.40,12.60,12.40,12.60,232000,10.35
2000-05-16,12.40,12.40,12.30,12.40,5000,10.19
2000-05-15,12.40,12.40,12.30,12.30,16000,10.10
2000-05-12,12.50,12.50,12.50,12.50,9000,10.27
2000-05-11,12.60,12.60,12.60,12.60,1000,10.35
2000-05-10,12.80,12.80,12.60,12.70,140000,10.43
2000-05-09,12.90,12.90,12.90,12.90,000,10.60
2000-05-08,12.90,13.00,12.80,12.90,12000,10.60
2000-05-05,12.70,12.70,12.70,12.70,1000,10.43
2000-05-04,12.60,12.60,12.40,12.60,318000,10.35
2000-05-03,12.50,12.60,12.50,12.60,13000,10.35
2000-05-02,12.60,12.60,12.50,12.50,164000,10.27
2000-05-01,12.50,12.50,12.50,12.50,000,10.27
2000-04-28,12.50,12.60,12.50,12.50,157000,10.27
2000-04-27,12.40,12.50,12.40,12.40,236000,10.19
2000-04-26,12.50,12.50,12.40,12.40,19000,10.19
2000-04-25,12.40,12.40,12.40,12.40,20000,10.19
2000-04-24,12.40,12.40,12.40,12.40,3000,10.19
2000-04-21,12.50,12.50,12.40,12.40,169000,10.19
2000-04-20,12.30,12.50,12.30,12.50,5000,10.27
2000-04-19,12.50,12.50,12.50,12.50,6000,10.27
2000-04-18,12.10,12.50,12.10,12.50,27000,10.27
2000-04-17,12.00,12.30,11.90,12.00,202000,9.86
2000-04-14,12.60,12.60,12.50,12.50,68000,10.27
2000-04-13,12.80,12.80,12.60,12.60,63000,10.35
2000-04-12,12.50,12.80,12.50,12.70,51000,10.43
2000-04-11,12.50,12.60,12.50,12.50,254000,10.27
2000-04-10,12.40,12.50,12.30,12.50,205000,10.27
2000-04-07,12.80,12.80,12.40,12.40,217000,10.19
2000-04-06,12.60,12.60,12.60,12.60,000,10.35
2000-04-05,13.00,13.00,12.60,12.60,73000,10.35
2000-04-04,13.00,13.00,13.00,13.00,4000,10.68
2000-04-03,13.00,13.00,13.00,13.00,7000,10.68
2000-03-31,13.20,13.20,12.90,12.90,000,10.60
2000-03-30,12.80,13.50,12.80,13.50,19000,11.09
2000-03-29,13.30,13.30,12.80,12.80,13000,10.51
2000-03-28,13.20,13.20,13.20,13.20,1000,10.84
2000-03-27,13.10,13.40,13.10,13.40,13000,11.01
2000-03-24,13.00,13.10,13.00,13.10,5000,10.76
2000-03-23,12.60,13.10,12.60,13.10,193000,10.76
2000-03-22,12.50,12.70,12.50,12.60,40000,10.35
2000-03-21,12.50,12.50,12.40,12.40,95000,10.19
2000-03-20,12.40,12.50,12.40,12.50,5000,10.27
2000-03-17,12.70,12.70,12.40,12.50,44000,10.27
2000-03-16,12.50,12.50,12.50,12.50,000,10.27
2000-03-15,12.70,12.70,12.50,12.50,11000,10.27
2000-03-14,12.70,12.70,12.70,12.70,1000,10.43
2000-03-13,12.80,12.80,12.80,12.80,7000,10.51
2000-03-10,12.90,12.90,12.80,12.80,26000,10.51
2000-03-09,13.00,13.00,12.80,12.80,4000,10.51
2000-03-08,12.80,13.00,12.70,13.00,49000,10.68
2000-03-07,13.00,13.00,12.80,13.00,18000,10.68
2000-03-06,13.20,13.20,12.80,12.80,11000,10.51
2000-03-03,12.80,13.20,12.80,13.20,17000,10.84
2000-03-02,13.00,13.20,12.90,13.00,31000,10.68
2000-03-01,12.80,12.90,12.80,12.90,9000,10.60
2000-02-29,12.80,12.90,12.70,12.90,14000,10.60
2000-02-28,13.10,13.10,12.90,12.90,4000,10.60
2000-02-25,13.40,13.50,13.10,13.10,26000,10.76
2000-02-24,13.50,13.50,13.50,13.50,17000,11.09
2000-02-23,13.40,13.60,13.40,13.60,3000,11.17
2000-02-22,13.60,13.70,13.30,13.30,21000,10.93
2000-02-21,13.90,13.90,13.60,13.60,41000,11.17
2000-02-18,13.90,13.90,13.80,13.90,10000,11.42
2000-02-17,13.90,14.00,13.90,13.90,13000,11.42
2000-02-16,13.90,14.00,13.90,14.00,21000,11.50
2000-02-15,14.00,14.10,13.80,14.10,35000,11.58
2000-02-14,13.80,14.10,13.80,14.10,24000,11.58
2000-02-11,13.60,13.80,13.60,13.80,11000,11.34
2000-02-10,13.50,13.60,13.50,13.50,8000,11.09
2000-02-09,13.70,14.30,13.30,13.60,75000,11.17
2000-02-08,14.00,14.00,13.70,13.70,145000,11.25
2000-02-07,13.70,13.70,13.70,13.70,000,11.25
2000-02-04,13.70,13.70,13.70,13.70,000,11.25
2000-02-03,13.80,13.80,13.50,13.70,131000,11.25
2000-02-02,13.40,13.80,13.40,13.80,38000,11.34
2000-02-01,13.00,13.00,13.00,13.00,000,10.68
2000-01-31,12.80,13.20,12.80,13.00,23000,10.68
2000-01-28,13.50,13.50,12.60,12.70,111000,10.43
2000-01-27,14.00,14.00,13.20,13.30,91000,10.93
2000-01-26,14.20,14.20,13.80,13.90,53000,11.42
2000-01-25,14.50,14.50,14.10,14.40,174000,11.83
2000-01-24,14.40,14.80,14.30,14.80,170000,12.16
2000-01-21,14.50,14.50,14.20,14.50,111000,11.91
2000-01-20,13.90,14.40,13.90,14.30,416000,11.75
2000-01-19,13.30,15.20,13.30,13.90,568000,11.42
2000-01-18,12.00,13.90,11.60,13.30,596000,10.93
2000-01-17,10.80,11.10,10.80,10.90,98000,8.95
2000-01-14,10.90,11.00,10.80,10.80,28000,8.87
2000-01-13,10.80,11.20,10.80,11.00,91000,9.04
2000-01-12,10.20,10.90,10.20,10.60,26000,8.71
2000-01-11,10.30,10.50,10.00,10.00,138000,8.21
2000-01-10,10.00,10.00,10.00,10.00,000,8.21
2000-01-07,10.00,10.00,10.00,10.00,000,8.21
2000-01-06,10.00,10.00,10.00,10.00,36000,8.21
2000-01-05,10.10,10.10,9.95,9.95,10000,8.17
2000-01-04,10.20,10.30,10.20,10.20,7000,8.38
2000-01-03,10.00,10.20,10.00,10.20,40000,8.38
